DatasetName  Sushi_xsc@NLO[pb]  Sushi_xsc_err[pb]  BR(A -> ZH)  BR(H -> bb)  Ymb,H[GeV]  Ymb,A[GeV]  Partialwidth(H ->bb)[GeV]  Partialwidth(A ->bb)[GeV]  Totalwidth,H[GeV]  Totalwidth,A[GeV]  TotalWidth_H/Mass_H [%]  TotalWidth_A/Mass_A [%]
AToZHTo2L2B_300p00_200p00_1p50_ggH_TuneCP5_13TeV_pythia8 0.0 0.0 0.80772599 0.84018173 3.29684924251 3.18913253812 0.009723 0.01351 0.0115726834 0.123629646 0.0057863417 0.041209882
AToZHTo2L2B_500p00_200p00_1p50_ggH_TuneCP5_13TeV_pythia8 0.0 0.0 0.667908573 0.840172679 3.29684924251 3.05059604876 0.009723 0.02061 0.0115728081 30.6743209 0.00578640405 6.13486418
AToZHTo2L2B_500p00_300p00_1p50_ggH_TuneCP5_13TeV_pythia8 0.0 0.0 0.421857246 0.324798518 3.17339294182 3.05059604876 0.01354 0.02061 0.0416865135 17.6196604 0.0138955045 3.52393208
AToZHTo2L2B_500p00_400p00_1p50_ggH_TuneCP5_13TeV_pythia8 0.0 0.0 0.0126304542 0.00925798008 3.09278943741 3.05059604876 0.01716 0.02061 1.85383056 10.3169872 0.46345764 2.06339744
AToZHTo2L2B_800p00_200p00_1p50_ggH_TuneCP5_13TeV_pythia8 0.0 0.0 0.882755574 0.840169683 3.29684924251 2.93606517504 0.009723 0.03055 0.0115728494 149.529199 0.0057864247 18.691149875
AToZHTo2L2B_800p00_400p00_1p50_ggH_TuneCP5_13TeV_pythia8 0.0 0.0 0.787210871 0.0085362261 3.09278943741 2.93606517504 0.01716 0.03055 2.01057543 82.388913 0.5026438575 10.298614125
AToZHTo2L2B_800p00_700p00_1p50_ggH_TuneCP5_13TeV_pythia8 0.0 0.0 0.00841357581 0.00230302362 2.95173444336 2.93606517504 0.02737 0.03055 11.8828687 17.6802189 1.69755267143 2.2100273625
AToZHTo2L2B_1000p00_200p00_1p50_ggH_TuneCP5_13TeV_pythia8 0.0 0.0 0.928468304 0.840168998 3.29684924251 2.88610646075 0.009723 0.0369 0.0115728588 303.948643 0.0057864294 30.3948643
AToZHTo2L2B_1000p00_500p00_1p50_ggH_TuneCP5_13TeV_pythia8 0.0 0.0 0.857517836 0.00346043207 3.03407098434 2.88610646075 0.02065 0.0369 5.96887107 152.594271 1.193774214 15.2594271
AToZHTo2L2B_261p40_150p50_1p50_ggH_TuneCP5_13TeV_pythia8 0.0 0.0 0.945652948 0.874822734 3.39041945908 3.2295371654 0.007716 0.01207 0.00881991056 0.316559076 0.00586040568771 0.121101406274
AToZHTo2L2B_296p10_145p93_1p50_ggH_TuneCP5_13TeV_pythia8 0.0 0.0 0.987120269 0.876942152 3.40014073166 3.19340732217 0.007522 0.01337 0.00857783667 1.75978722 0.00587804883848 0.594321925025
AToZHTo2L2B_296p10_176p02_1p50_ggH_TuneCP5_13TeV_pythia8 0.0 0.0 0.963550134 0.8590881 3.33860662421 3.19340732217 0.008766 0.01337 0.0102037331 0.621829071 0.00579691688444 0.210006440729
AToZHTo2L2B_335p40_145p06_1p50_ggH_TuneCP5_13TeV_pythia8 0.0 0.0 0.98215256 0.877336927 3.40205478087 3.15773448179 0.007485 0.01481 0.00853183923 4.33497582 0.00588159329243 1.29247937388
AToZHTo2L2B_335p40_174p55_1p50_ggH_TuneCP5_13TeV_pythia8 0.0 0.0 0.970613714 0.860089139 3.34145038257 3.15773448179 0.008707 0.01481 0.0101228281 2.63280026 0.00579938590662 0.784973243888
AToZHTo2L2B_335p40_209p73_1p50_ggH_TuneCP5_13TeV_pythia8 0.0 0.0 0.918593439 0.832174831 3.28239664262 3.15773448179 0.01011 0.01481 0.0121441073 0.95039296 0.00579035297764 0.283361049493
AToZHTo2L2B_379p00_143p08_1p50_ggH_TuneCP5_13TeV_pythia8 0.0 0.0 0.599500687 0.878228614 3.40666410019 3.12390628117 0.007401 0.01638 0.00842721501 14.0686059 0.00588986232178 3.712033219
AToZHTo2L2B_379p00_171p71_1p50_ggH_TuneCP5_13TeV_pythia8 0.0 0.0 0.525055931 0.861273376 3.3488760628 3.12390628117 0.008602 0.01638 0.00998777334 11.8634327 0.00581665211112 3.13019332454
AToZHTo2L2B_379p00_205p76_1p50_ggH_TuneCP5_13TeV_pythia8 0.0 0.0 0.397162504 0.835474843 3.28774120727 3.12390628117 0.00995 0.01638 0.0119095934 9.34657685 0.00578809943624 2.46611526385
AToZHTo2L2B_379p00_246p30_1p50_ggH_TuneCP5_13TeV_pythia8 0.0 0.0 0.184942635 0.798400345 3.23173860993 3.12390628117 0.01152 0.01638 0.0144295415 6.91296984 0.0058585227365 1.82400259631
AToZHTo2L2B_442p63_135p44_1p50_ggH_TuneCP5_13TeV_pythia8 0.0 0.0 0.680041108 0.881582007 3.42456140593 3.081848886 0.007074 0.01862 0.00802414241 26.1242666 0.00592449971205 5.90205512505
AToZHTo2L2B_442p63_161p81_1p50_ggH_TuneCP5_13TeV_pythia8 0.0 0.0 0.644056495 0.868218062 3.36744032122 3.081848886 0.008191 0.01862 0.00943409912 23.4831969 0.00583035604722 5.30537851027
AToZHTo2L2B_442p63_193p26_1p50_ggH_TuneCP5_13TeV_pythia8 0.0 0.0 0.585173332 0.845584743 3.30792875031 3.081848886 0.009456 0.01862 0.0111829697 20.1498409 0.00578648954776 4.55229896302
AToZHTo2L2B_442p63_230p49_1p50_ggH_TuneCP5_13TeV_pythia8 0.0 0.0 0.48548937 0.813813908 3.25164153288 3.081848886 0.01091 0.01862 0.0134102684 16.2459061 0.00581815627576 3.67031292502
AToZHTo2L2B_442p63_274p57_1p50_ggH_TuneCP5_13TeV_pythia8 0.0 0.0 0.314352646 0.456026639 3.1990950046 3.081848886 0.01259 0.01862 0.0276106022 12.1909482 0.0100559428197 2.7542073967
AToZHTo2L2B_442p63_327p94_1p50_ggH_TuneCP5_13TeV_pythia8 0.0 0.0 0.0638913432 0.400184037 3.14812285335 3.081848886 0.01457 0.01862 0.0364030699 8.92918929 0.011100527505 2.01730323069
AToZHTo2L2B_516p94_128p58_1p50_ggH_TuneCP5_13TeV_pythia8 0.0 0.0 0.757501205 0.884491416 3.44189821726 3.04209414507 0.006778 0.02119 0.00766262145 44.0250812 0.00595941938871 8.5164779665
AToZHTo2L2B_516p94_151p69_1p50_ggH_TuneCP5_13TeV_pythia8 0.0 0.0 0.740986841 0.874251399 3.38779155639 3.04209414507 0.007766 0.02119 0.00888314994 41.2180954 0.00585612099677 7.97347765698
AToZHTo2L2B_516p94_179p35_1p50_ggH_TuneCP5_13TeV_pythia8 0.0 0.0 0.7153613 0.856756545 3.33239598971 3.04209414507 0.0089 0.02119 0.0103881183 37.5073 0.00579209272372 7.2556389523
AToZHTo2L2B_516p94_212p14_1p50_ggH_TuneCP5_13TeV_pythia8 0.0 0.0 0.67444991 0.83013282 3.27801173422 3.04209414507 0.0102 0.02119 0.0122876689 32.793814 0.00579224516829 6.34383371378
AToZHTo2L2B_516p94_250p63_1p50_ggH_TuneCP5_13TeV_pythia8 0.0 0.0 0.606744981 0.612683858 3.22714441844 3.04209414507 0.01169 0.02119 0.0190730163 27.1478521 0.0076100292463 5.25164469764
AToZHTo2L2B_516p94_296p65_1p50_ggH_TuneCP5_13TeV_pythia8 0.0 0.0 0.486670366 0.299358484 3.17716873115 3.04209414507 0.01342 0.02119 0.0448141178 20.7976092 0.0151067310973 4.02321530545
AToZHTo2L2B_516p94_352p61_1p50_ggH_TuneCP5_13TeV_pythia8 0.0 0.0 0.268794228 0.0721220229 3.12703579725 3.04209414507 0.01546 0.02119 0.214427033 14.600581 0.0608113873685 2.82442469145
AToZHTo2L2B_516p94_423p96_1p50_ggH_TuneCP5_13TeV_pythia8 0.0 0.0 0.00154132723 0.00648310153 3.07746360883 3.04209414507 0.01801 0.02119 2.77796268 10.6925098 0.655241692613 2.06842376291
AToZHTo2L2B_609p21_135p66_1p50_ggH_TuneCP5_13TeV_pythia8 0.0 0.0 0.817718698 0.881486673 3.42391648728 3.00078595194 0.007083 0.0243 0.00803574453 71.949505 0.00592344429456 11.8102961212
AToZHTo2L2B_609p21_158p41_1p50_ggH_TuneCP5_13TeV_pythia8 0.0 0.0 0.808278757 0.870712429 3.37411487243 3.00078595194 0.008049 0.0243 0.00924375593 68.4068665 0.00583533610883 11.2287826037
AToZHTo2L2B_609p21_185p18_1p50_ggH_TuneCP5_13TeV_pythia8 0.0 0.0 0.794310789 0.852124695 3.32183428243 3.00078595194 0.009134 0.0243 0.0107190863 63.7614845 0.00578846867912 10.4662570378
AToZHTo2L2B_609p21_216p52_1p50_ggH_TuneCP5_13TeV_pythia8 0.0 0.0 0.773153927 0.826373697 3.27139806308 3.00078595194 0.01037 0.0243 0.0125505877 57.814752 0.00579650272492 9.49011867829
AToZHTo2L2B_609p21_253p68_1p50_ggH_TuneCP5_13TeV_pythia8 0.0 0.0 0.739364337 0.329307222 3.22265448007 3.00078595194 0.0118 0.0243 0.0358382955 50.319474 0.0141273634106 8.259791205
AToZHTo2L2B_609p21_298p01_1p50_ggH_TuneCP5_13TeV_pythia8 0.0 0.0 0.68188902 0.183141031 3.17575364449 3.00078595194 0.01347 0.0243 0.0735277405 41.2279056 0.0246729104728 6.76743743537
AToZHTo2L2B_609p21_351p22_1p50_ggH_TuneCP5_13TeV_pythia8 0.0 0.0 0.576162508 0.0736965299 3.12818708249 3.00078595194 0.01541 0.0243 0.209163519 30.9435803 0.0595534192244 5.07929618686
AToZHTo2L2B_609p21_417p76_1p50_ggH_TuneCP5_13TeV_pythia8 0.0 0.0 0.361019675 0.00693028011 3.08127066047 3.00078595194 0.01779 0.0243 2.56718284 20.524966 0.614511403677 3.36911180053
AToZHTo2L2B_609p21_505p93_1p50_ggH_TuneCP5_13TeV_pythia8 0.0 0.0 0.0170283541 0.00357792746 3.0315293609 3.00078595194 0.02086 0.0243 5.82981196 13.3422459 1.15229615955 2.190089772
AToZHTo2L2B_717p96_135p31_1p50_ggH_TuneCP5_13TeV_pythia8 0.0 0.0 0.867931104 0.881637302 3.42485808577 2.96131040913 0.007068 0.02789 0.00801729582 118.878797 0.00592513178627 16.5578579587
AToZHTo2L2B_717p96_157p56_1p50_ggH_TuneCP5_13TeV_pythia8 0.0 0.0 0.863069662 0.871229978 3.37576153789 2.96131040913 0.008013 0.02789 0.00919737066 114.65824 0.00583737665651 15.9700038999
AToZHTo2L2B_717p96_183p48_1p50_ggH_TuneCP5_13TeV_pythia8 0.0 0.0 0.856110505 0.853542928 3.32492322675 2.96131040913 0.009066 0.02789 0.0106215178 109.112841 0.00578892402442 15.1976211767
AToZHTo2L2B_717p96_213p73_1p50_ggH_TuneCP5_13TeV_pythia8 0.0 0.0 0.845927554 0.828775207 3.27532911969 2.96131040913 0.01026 0.02789 0.012382811 101.901359 0.005793670051 14.1931805393
AToZHTo2L2B_717p96_249p34_1p50_ggH_TuneCP5_13TeV_pythia8 0.0 0.0 0.830453068 0.795260461 3.22856082699 2.96131040913 0.01164 0.02789 0.0146323964 92.6008587 0.00586845127136 12.8977740682
AToZHTo2L2B_717p96_291p34_1p50_ggH_TuneCP5_13TeV_pythia8 0.0 0.0 0.805887694 0.104981282 3.18209469775 2.96131040913 0.01322 0.02789 0.12590941 80.8820001 0.0432173439967 11.265530127
AToZHTo2L2B_717p96_341p02_1p50_ggH_TuneCP5_13TeV_pythia8 0.0 0.0 0.764416842 0.101369717 3.1363857161 2.96131040913 0.01504 0.02789 0.14841425 66.6439471 0.0435206879362 9.2824039083
AToZHTo2L2B_717p96_400p03_1p50_ggH_TuneCP5_13TeV_pythia8 0.0 0.0 0.6882188 0.00882482284 3.09268509178 2.96131040913 0.01716 0.02789 1.9449446 50.3564407 0.486199685024 7.01382259457
AToZHTo2L2B_717p96_475p80_1p50_ggH_TuneCP5_13TeV_pythia8 0.0 0.0 0.518108206 0.00412607757 3.04722912183 2.96131040913 0.01982 0.02789 4.80352358 32.5803256 1.00956779739 4.53790261296
AToZHTo2L2B_717p96_577p65_1p50_ggH_TuneCP5_13TeV_pythia8 0.0 0.0 0.128791931 0.00282134658 2.99823319811 2.96131040913 0.0233 0.02789 8.25774843 18.0211732 1.42954183848 2.51005253775
AToZHTo2L2B_846p11_137p54_1p50_ggH_TuneCP5_13TeV_pythia8 0.0 0.0 0.905029033 0.88067211 3.41944428027 2.92326482963 0.007164 0.03203 0.00813486928 195.105989 0.0059145479715 23.0591754027
AToZHTo2L2B_846p11_160p17_1p50_ggH_TuneCP5_13TeV_pythia8 0.0 0.0 0.902396365 0.869475178 3.37057378979 2.92326482963 0.008122 0.03203 0.00934164124 189.843384 0.00583232892552 22.4371989458
AToZHTo2L2B_846p11_186p51_1p50_ggH_TuneCP5_13TeV_pythia8 0.0 0.0 0.898677121 0.851024751 3.31947661212 2.92326482963 0.009187 0.03203 0.0107954379 182.874832 0.00578812819688 21.6136001229
AToZHTo2L2B_846p11_217p19_1p50_ggH_TuneCP5_13TeV_pythia8 0.0 0.0 0.893338329 0.825789489 3.27110933012 2.92326482963 0.0104 0.03203 0.0125910967 173.721303 0.00579727275657 20.5317633641
AToZHTo2L2B_846p11_252p91_1p50_ggH_TuneCP5_13TeV_pythia8 0.0 0.0 0.885514449 0.132075833 3.22348025143 2.92326482963 0.01177 0.03203 0.0891345866 161.849283 0.0352435991459 19.1286337474
AToZHTo2L2B_846p11_294p51_1p50_ggH_TuneCP5_13TeV_pythia8 0.0 0.0 0.873703136 0.0561980514 3.17921075635 2.92326482963 0.01334 0.03203 0.237303868 146.7131 0.0805758269668 17.3397194218
AToZHTo2L2B_846p11_345p53_1p50_ggH_TuneCP5_13TeV_pythia8 0.0 0.0 0.853955298 0.0532342595 3.13334701491 2.92326482963 0.01521 0.03203 0.285689529 126.874882 0.0826815411108 14.9950812542
AToZHTo2L2B_846p11_405p40_1p50_ggH_TuneCP5_13TeV_pythia8 0.0 0.0 0.82005169 0.00766464055 3.08903881656 2.92326482963 0.01735 0.03203 2.26419813 102.970705 0.558509652195 12.1698957582
AToZHTo2L2B_846p11_475p64_1p50_ggH_TuneCP5_13TeV_pythia8 0.0 0.0 0.756278888 0.00404356027 3.04695044884 2.92326482963 0.01981 0.03203 4.90017911 76.0270797 1.03022855731 8.98548412145
AToZHTo2L2B_846p11_558p06_1p50_ggH_TuneCP5_13TeV_pythia8 0.0 0.0 0.621307966 0.00293237483 3.00694347591 2.92326482963 0.02264 0.03203 7.71937036 48.9300084 1.38325096943 5.78293701765
AToZHTo2L2B_846p11_654p75_1p50_ggH_TuneCP5_13TeV_pythia8 0.0 0.0 0.318815402 0.00242952608 2.96728734665 2.92326482963 0.02587 0.03203 10.6498465 27.2017372 1.62655158457 3.21491735117
AToZHTo2L2B_997p14_137p54_1p50_ggH_TuneCP5_13TeV_pythia8 0.0 0.0 0.932386355 0.88067202 3.41944428027 2.88671704274 0.007164 0.03681 0.00813487012 320.698752 0.00591454858223 32.1618581142
AToZHTo2L2B_997p14_160p17_1p50_ggH_TuneCP5_13TeV_pythia8 0.0 0.0 0.931027778 0.869474992 3.37057378979 2.88671704274 0.008122 0.03681 0.00934164324 314.381802 0.00583233017419 31.5283512847
AToZHTo2L2B_997p14_186p51_1p50_ggH_TuneCP5_13TeV_pythia8 0.0 0.0 0.929129327 0.851024395 3.31947661212 2.88671704274 0.009187 0.03681 0.0107954424 305.960289 0.00578813060962 30.6837845237
AToZHTo2L2B_997p14_217p19_1p50_ggH_TuneCP5_13TeV_pythia8 0.0 0.0 0.926444786 0.825788823 3.27110933012 2.88671704274 0.0104 0.03681 0.0125911069 294.793672 0.00579727745292 29.5639200112
AToZHTo2L2B_997p14_254p82_1p50_ggH_TuneCP5_13TeV_pythia8 0.0 0.0 0.922360834 0.059115976 3.2222289202 2.88671704274 0.01185 0.03681 0.200371227 279.287023 0.0786324570285 28.0088074894
AToZHTo2L2B_997p14_298p97_1p50_ggH_TuneCP5_13TeV_pythia8 0.0 0.0 0.916247209 0.0293184467 3.17419139578 2.88671704274 0.0135 0.03681 0.460513614 258.900166 0.154033385958 25.9642744249
AToZHTo2L2B_997p14_350p77_1p50_ggH_TuneCP5_13TeV_pythia8 0.0 0.0 0.906778927 0.0250703358 3.12919063455 2.88671704274 0.0154 0.03681 0.614205561 232.604183 0.17510207857 23.327133903
AToZHTo2L2B_997p14_411p54_1p50_ggH_TuneCP5_13TeV_pythia8 0.0 0.0 0.891381463 0.00645399666 3.08524333746 2.88671704274 0.01757 0.03681 2.72259254 199.630856 0.661562069301 20.0203437832
AToZHTo2L2B_997p14_482p85_1p50_ggH_TuneCP5_13TeV_pythia8 0.0 0.0 0.864482123 0.00374194316 3.04312709407 2.88671704274 0.02006 0.03681 5.36181799 160.005543 1.11045210521 16.0464471388
AToZHTo2L2B_997p14_566p51_1p50_ggH_TuneCP5_13TeV_pythia8 0.0 0.0 0.812306984 0.00280710243 3.00280384061 2.88671704274 0.02292 0.03681 8.16570605 115.527003 1.44140545621 11.5858357904
AToZHTo2L2B_997p14_664p66_1p50_ggH_TuneCP5_13TeV_pythia8 0.0 0.0 0.6950418 0.00236487547 2.96377656556 2.88671704274 0.0262 0.03681 11.0796943 71.103553 1.66697172991 7.13074924283
AToZHTo2L2B_997p14_779p83_1p50_ggH_TuneCP5_13TeV_pythia8 0.0 0.0 0.395656269 0.00212099197 2.92631248557 2.88671704274 0.02997 0.03681 14.1294829 35.8796003 1.81186706077 3.59825102794
