DatasetName  Sushi_xsc@NNLO[pb]  Sushi_xsc_err[pb]  BR(A -> ZH)  BR(H -> bb)  Ymb,H[GeV]  Ymb,A[GeV]  Partialwidth(H ->bb)[GeV]  Partialwidth(A ->bb)[GeV]  Totalwidth,H[GeV]  Totalwidth,A[GeV]  TotalWidth_H/Mass_H [%]  TotalWidth_A/Mass_A [%]
AToZHTo2L2B_300p00_200p00_20p00_bbH4F_TuneCP5_13TeV-amcatnlo_pythia8 0.0 0.0 0.0364611351 0.91038627 3.30319601421 3.17930627326 1.714 2.387 1.88246134 2.73877591 0.94123067 0.912925303333
AToZHTo2L2B_500p00_200p00_20p00_bbH4F_TuneCP5_13TeV-amcatnlo_pythia8 0.0 0.0 0.832631597 0.910383003 3.30319601421 3.04058859899 1.714 3.64 1.8824681 24.6058905 0.94123405 4.9211781
AToZHTo2L2B_500p00_300p00_20p00_bbH4F_TuneCP5_13TeV-amcatnlo_pythia8 0.0 0.0 0.643479648 0.898394292 3.17958705667 3.04058859899 2.387 3.64 2.65661242 11.55123 0.885537473333 2.310246
AToZHTo2L2B_500p00_400p00_20p00_bbH4F_TuneCP5_13TeV-amcatnlo_pythia8 0.0 0.0 0.0306711762 0.893663387 3.09924682652 3.04058859899 3.026 3.64 3.38558272 4.24855682 0.84639568 0.849711364
AToZHTo2L2B_800p00_200p00_20p00_bbH4F_TuneCP5_13TeV-amcatnlo_pythia8 0.0 0.0 0.955293628 0.910381735 3.30319601421 2.92628804108 1.714 5.395 1.88247072 138.175038 0.94123536 17.27187975
AToZHTo2L2B_800p00_400p00_20p00_bbH4F_TuneCP5_13TeV-amcatnlo_pythia8 0.0 0.0 0.913038274 0.864151217 3.09924682652 2.92628804108 3.026 5.395 3.50120588 71.0347527 0.87530147 8.8793440875
AToZHTo2L2B_800p00_700p00_20p00_bbH4F_TuneCP5_13TeV-amcatnlo_pythia8 0.0 0.0 0.0235144618 0.871452305 2.95745765294 2.92628804108 4.825 5.395 5.53702887 6.32605853 0.791004124286 0.79075731625
AToZHTo2L2B_1000p00_200p00_20p00_bbH4F_TuneCP5_13TeV-amcatnlo_pythia8 0.0 0.0 0.974102208 0.910381433 3.30319601421 2.8761904329 1.714 6.515 1.88247134 289.709518 0.94123567 28.9709518
AToZHTo2L2B_1000p00_500p00_20p00_bbH4F_TuneCP5_13TeV-amcatnlo_pythia8 0.0 0.0 0.945771177 0.832798431 3.04022720076 2.8761904329 3.641 6.515 4.37254294 138.355146 0.874508588 13.8355146
AToZHTo2L2B_261p40_150p50_20p00_bbH4F_TuneCP5_13TeV-amcatnlo_pythia8 0.0 0.0 0.112882826 0.91436284 3.39669669214 3.21990710821 1.36 2.133 1.48726434 2.65190935 0.988215508306 1.01450242923
AToZHTo2L2B_296p10_145p93_20p00_bbH4F_TuneCP5_13TeV-amcatnlo_pythia8 0.0 0.0 0.399583306 0.91474692 3.40668502886 3.18338982011 1.326 2.362 1.44933465 4.34733284 0.993171143699 1.46819751435
AToZHTo2L2B_296p10_176p02_20p00_bbH4F_TuneCP5_13TeV-amcatnlo_pythia8 0.0 0.0 0.186691658 0.912241867 3.34471217528 3.18338982011 1.545 2.362 1.69363981 3.2093747 0.962186007272 1.0838820331
AToZHTo2L2B_335p40_145p06_20p00_bbH4F_TuneCP5_13TeV-amcatnlo_pythia8 0.0 0.0 0.595039224 0.914820884 3.40798590196 3.14759041041 1.319 2.616 1.44209417 7.15517134 0.994136336688 2.13332478831
AToZHTo2L2B_335p40_174p55_20p00_bbH4F_TuneCP5_13TeV-amcatnlo_pythia8 0.0 0.0 0.468629015 0.912361043 3.3479959652 3.14759041041 1.535 2.616 1.68194673 5.45299578 0.963590220567 1.62581865832
AToZHTo2L2B_335p40_209p73_20p00_bbH4F_TuneCP5_13TeV-amcatnlo_pythia8 0.0 0.0 0.231535407 0.909686683 3.2875883538 3.14759041041 1.781 2.616 1.95810943 3.77058848 0.933633447766 1.12420646392
AToZHTo2L2B_379p00_143p08_20p00_bbH4F_TuneCP5_13TeV-amcatnlo_pythia8 0.0 0.0 0.722290849 0.914990981 3.41234473053 3.11369828769 1.304 2.893 1.42559053 11.6769289 0.996359050881 3.08098387863
AToZHTo2L2B_379p00_171p71_20p00_bbH4F_TuneCP5_13TeV-amcatnlo_pythia8 0.0 0.0 0.657635805 0.912672306 3.35489512364 3.11369828769 1.516 2.893 1.66121266 9.47175569 0.967452483839 2.49914398153
AToZHTo2L2B_379p00_205p76_20p00_bbH4F_TuneCP5_13TeV-amcatnlo_pythia8 0.0 0.0 0.533740231 0.909967349 3.29405518604 3.11369828769 1.754 2.893 1.92730934 6.95489987 0.936678333981 1.83506592876
AToZHTo2L2B_379p00_246p30_20p00_bbH4F_TuneCP5_13TeV-amcatnlo_pythia8 0.0 0.0 0.282773732 0.907281786 3.23813492393 3.11369828769 2.031 2.893 2.23818058 4.52129286 0.908721307349 1.19295326121
AToZHTo2L2B_442p63_135p44_20p00_bbH4F_TuneCP5_13TeV-amcatnlo_pythia8 0.0 0.0 0.82730196 0.915665592 3.43111795574 3.07195395409 1.247 3.289 1.36157633 21.4741123 1.00529853071 4.85148144048
AToZHTo2L2B_442p63_161p81_20p00_bbH4F_TuneCP5_13TeV-amcatnlo_pythia8 0.0 0.0 0.803083485 0.913441272 3.37399964873 3.07195395409 1.444 3.289 1.58042989 18.8330426 0.976719541437 4.2548048257
AToZHTo2L2B_442p63_193p26_20p00_bbH4F_TuneCP5_13TeV-amcatnlo_pythia8 0.0 0.0 0.760734704 0.910885155 3.31436402565 3.07195395409 1.667 3.289 1.82975203 15.4996867 0.946782588223 3.50172530104
AToZHTo2L2B_442p63_230p49_20p00_bbH4F_TuneCP5_13TeV-amcatnlo_pythia8 0.0 0.0 0.6801814 0.908280175 3.25853816756 3.07195395409 1.924 3.289 2.11787436 11.5957518 0.918857373422 2.61973924045
AToZHTo2L2B_442p63_274p57_20p00_bbH4F_TuneCP5_13TeV-amcatnlo_pythia8 0.0 0.0 0.508203362 0.902544724 3.20496222674 3.07195395409 2.219 3.289 2.45908167 7.54079394 0.895611927742 1.70363372117
AToZHTo2L2B_442p63_327p94_20p00_bbH4F_TuneCP5_13TeV-amcatnlo_pythia8 0.0 0.0 0.133323961 0.899661034 3.15391073609 3.07195395409 2.568 3.289 2.85440074 4.27903501 0.870403348173 0.96672955064
AToZHTo2L2B_516p94_128p58_20p00_bbH4F_TuneCP5_13TeV-amcatnlo_pythia8 0.0 0.0 0.887250863 0.916296471 3.44874580622 3.03193807453 1.195 3.742 1.30361866 37.586948 1.01385803391 7.27104654312
AToZHTo2L2B_516p94_151p69_20p00_bbH4F_TuneCP5_13TeV-amcatnlo_pythia8 0.0 0.0 0.878151221 0.914262668 3.39429593366 3.03193807453 1.369 3.742 1.49711532 34.7799622 0.986957162634 6.72804623361
AToZHTo2L2B_516p94_179p35_20p00_bbH4F_TuneCP5_13TeV-amcatnlo_pythia8 0.0 0.0 0.863598018 0.911971038 3.33889731772 3.03193807453 1.569 3.742 1.72008113 31.0691668 0.959063914134 6.01020752892
AToZHTo2L2B_516p94_212p14_20p00_bbH4F_TuneCP5_13TeV-amcatnlo_pythia8 0.0 0.0 0.839203701 0.909514811 3.28424277597 3.03193807453 1.798 3.742 1.97677373 26.3556808 0.931825082493 5.0984022904
AToZHTo2L2B_516p94_250p63_20p00_bbH4F_TuneCP5_13TeV-amcatnlo_pythia8 0.0 0.0 0.795366806 0.905727953 3.23276955359 3.03193807453 2.06 3.742 2.27417514 20.709719 0.907383449707 4.00621329361
AToZHTo2L2B_516p94_296p65_20p00_bbH4F_TuneCP5_13TeV-amcatnlo_pythia8 0.0 0.0 0.70487113 0.897645386 3.18280173352 3.03193807453 2.365 3.742 2.63442535 14.359476 0.888058435867 2.77778388208
AToZHTo2L2B_516p94_352p61_20p00_bbH4F_TuneCP5_13TeV-amcatnlo_pythia8 0.0 0.0 0.480805756 0.895482698 3.13343741981 3.03193807453 2.726 3.742 3.0443545 8.16244783 0.863377243981 1.57899327388
AToZHTo2L2B_516p94_423p96_20p00_bbH4F_TuneCP5_13TeV-amcatnlo_pythia8 0.0 0.0 0.00387381233 0.891736991 3.0834572109 3.03193807453 3.175 3.742 3.56042026 4.25437659 0.839800985942 0.822992337602
AToZHTo2L2B_609p21_135p66_20p00_bbH4F_TuneCP5_13TeV-amcatnlo_pythia8 0.0 0.0 0.923391843 0.915645536 3.42966598872 2.99104537365 1.248 4.292 1.36342765 63.7155894 1.00503291317 10.4587234944
AToZHTo2L2B_609p21_158p41_20p00_bbH4F_TuneCP5_13TeV-amcatnlo_pythia8 0.0 0.0 0.918881593 0.913714902 3.38072690433 2.99104537365 1.419 4.292 1.55252233 60.1729509 0.980065860741 9.87720997686
AToZHTo2L2B_609p21_185p18_20p00_bbH4F_TuneCP5_13TeV-amcatnlo_pythia8 0.0 0.0 0.912095307 0.91150693 3.3280541873 2.99104537365 1.61 4.292 1.76619673 55.527569 0.953772939842 9.11468442737
AToZHTo2L2B_609p21_216p52_20p00_bbH4F_TuneCP5_13TeV-amcatnlo_pythia8 0.0 0.0 0.901552006 0.909211167 3.27764641702 2.99104537365 1.828 4.292 2.01060755 49.5808364 0.928601307039 8.13854605144
AToZHTo2L2B_609p21_253p68_20p00_bbH4F_TuneCP5_13TeV-amcatnlo_pythia8 0.0 0.0 0.884018792 0.900767928 3.22874985864 2.99104537365 2.08 4.292 2.30941937 42.0855585 0.910367143646 6.90821859457
AToZHTo2L2B_609p21_298p01_20p00_bbH4F_TuneCP5_13TeV-amcatnlo_pythia8 0.0 0.0 0.852059909 0.890507612 3.18151046587 2.99104537365 2.374 4.292 2.66553287 32.99399 0.894444102547 5.41586480852
AToZHTo2L2B_609p21_351p22_20p00_bbH4F_TuneCP5_13TeV-amcatnlo_pythia8 0.0 0.0 0.785063586 0.889013243 3.13448510045 2.99104537365 2.717 4.292 3.05653408 22.7096647 0.870261966858 3.72772356002
AToZHTo2L2B_609p21_417p76_20p00_bbH4F_TuneCP5_13TeV-amcatnlo_pythia8 0.0 0.0 0.602870891 0.88686789 3.08716536508 2.99104537365 3.136 4.292 3.53651504 12.2910504 0.84654228265 2.01753917368
AToZHTo2L2B_609p21_505p93_20p00_bbH4F_TuneCP5_13TeV-amcatnlo_pythia8 0.0 0.0 0.0444756841 0.884484035 3.03725624234 2.99104537365 3.677 4.292 4.15766215 5.1083304 0.821786047477 0.83851716157
AToZHTo2L2B_717p96_135p31_20p00_bbH4F_TuneCP5_13TeV-amcatnlo_pythia8 0.0 0.0 0.948304867 0.915677035 3.43149462462 2.95167232403 1.246 4.926 1.36048277 108.803202 1.00545618949 15.1544935651
AToZHTo2L2B_717p96_157p56_20p00_bbH4F_TuneCP5_13TeV-amcatnlo_pythia8 0.0 0.0 0.946218648 0.913783389 3.38159450652 2.95167232403 1.412 4.926 1.54553298 104.582645 0.980917098248 14.5666395064
AToZHTo2L2B_717p96_183p48_20p00_bbH4F_TuneCP5_13TeV-amcatnlo_pythia8 0.0 0.0 0.943207265 0.911641004 3.33113430938 2.95167232403 1.598 4.926 1.75277233 99.037245 0.955293399826 13.7942566438
AToZHTo2L2B_717p96_213p73_20p00_bbH4F_TuneCP5_13TeV-amcatnlo_pythia8 0.0 0.0 0.938747081 0.909403014 3.28193927421 2.95167232403 1.809 4.926 1.9890694 91.8257631 0.930645861601 12.7898160204
AToZHTo2L2B_717p96_249p34_20p00_bbH4F_TuneCP5_13TeV-amcatnlo_pythia8 0.0 0.0 0.931843949 0.907089567 3.23403938604 2.95167232403 2.051 4.926 2.26120535 82.5252632 0.906876293415 11.494409605
AToZHTo2L2B_717p96_291p34_20p00_bbH4F_TuneCP5_13TeV-amcatnlo_pythia8 0.0 0.0 0.920563739 0.877530671 3.18790465936 2.95167232403 2.33 4.926 2.65515557 70.8064046 0.91135977552 9.86216566383
AToZHTo2L2B_717p96_341p02_20p00_bbH4F_TuneCP5_13TeV-amcatnlo_pythia8 0.0 0.0 0.900569915 0.876098185 3.14284020796 2.95167232403 2.652 4.926 3.02713582 56.5683515 0.887671051551 7.87903943117
AToZHTo2L2B_717p96_400p03_20p00_bbH4F_TuneCP5_13TeV-amcatnlo_pythia8 0.0 0.0 0.860365492 0.876456447 3.09914226302 2.95167232403 3.026 4.926 3.45226414 40.2808452 0.863001309902 5.61045813137
AToZHTo2L2B_717p96_475p80_20p00_bbH4F_TuneCP5_13TeV-amcatnlo_pythia8 0.0 0.0 0.750070496 0.876919762 3.0531259956 2.95167232403 3.494 4.926 3.98457483 22.5047301 0.837447421185 3.13453814976
AToZHTo2L2B_717p96_577p65_20p00_bbH4F_TuneCP5_13TeV-amcatnlo_pythia8 0.0 0.0 0.292109873 0.876942671 3.00422639281 2.95167232403 4.108 4.926 4.68402299 7.94557771 0.810875614992 1.10668807594
AToZHTo2L2B_846p11_137p54_20p00_bbH4F_TuneCP5_13TeV-amcatnlo_pythia8 0.0 0.0 0.964572642 0.915476891 3.42617395713 2.91369470649 1.263 5.657 1.37922658 183.061988 1.00278215792 21.6357197055
AToZHTo2L2B_846p11_160p17_20p00_bbH4F_TuneCP5_13TeV-amcatnlo_pythia8 0.0 0.0 0.963524043 0.913572478 3.3773327185 2.91369470649 1.432 5.657 1.56697969 177.799382 0.978322838234 21.0137431303
AToZHTo2L2B_846p11_186p51_20p00_bbH4F_TuneCP5_13TeV-amcatnlo_pythia8 0.0 0.0 0.962036111 0.911402137 3.32534087661 2.91369470649 1.619 5.657 1.77668775 170.83083 0.952596509571 20.1901443075
AToZHTo2L2B_846p11_217p19_20p00_bbH4F_TuneCP5_13TeV-amcatnlo_pythia8 0.0 0.0 0.959886746 0.909164304 3.27709939811 2.91369470649 1.833 5.657 2.01577634 161.677302 0.928116552327 19.1083076669
AToZHTo2L2B_846p11_252p91_20p00_bbH4F_TuneCP5_13TeV-amcatnlo_pythia8 0.0 0.0 0.956707784 0.885741288 3.22980144562 2.91369470649 2.075 5.657 2.3427693 149.805282 0.926325293583 17.7051780501
AToZHTo2L2B_846p11_294p51_20p00_bbH4F_TuneCP5_13TeV-amcatnlo_pythia8 0.0 0.0 0.951841939 0.851657994 3.18491400474 2.91369470649 2.351 5.657 2.7602238 134.669098 0.937225832739 15.9162636064
AToZHTo2L2B_846p11_345p53_20p00_bbH4F_TuneCP5_13TeV-amcatnlo_pythia8 0.0 0.0 0.943522138 0.851635851 3.13922386129 2.91369470649 2.681 5.657 3.14799529 114.830881 0.911062799178 13.571625557
AToZHTo2L2B_846p11_405p40_20p00_bbH4F_TuneCP5_13TeV-amcatnlo_pythia8 0.0 0.0 0.928674389 0.855852947 3.09523306553 2.91369470649 3.059 5.657 3.57462054 90.9267035 0.881751489887 10.7464400019
AToZHTo2L2B_846p11_475p64_20p00_bbH4F_TuneCP5_13TeV-amcatnlo_pythia8 0.0 0.0 0.898638783 0.860592339 3.05318020644 2.91369470649 3.493 5.657 4.05903579 63.9830779 0.853384027836 7.56202832965
AToZHTo2L2B_846p11_558p06_20p00_bbH4F_TuneCP5_13TeV-amcatnlo_pythia8 0.0 0.0 0.824177154 0.864597333 3.01271402091 2.91369470649 3.991 5.657 4.61588089 36.8860067 0.827129858797 4.35948123766
AToZHTo2L2B_846p11_654p75_20p00_bbH4F_TuneCP5_13TeV-amcatnlo_pythia8 0.0 0.0 0.572139078 0.867356571 2.97350739127 2.91369470649 4.562 5.657 5.25966269 15.1577354 0.803308543719 1.79146155937
AToZHTo2L2B_997p14_137p54_20p00_bbH4F_TuneCP5_13TeV-amcatnlo_pythia8 0.0 0.0 0.975582122 0.915476852 3.42617395713 2.87677462547 1.263 6.499 1.37922664 306.499201 1.00278220154 30.7378302946
AToZHTo2L2B_997p14_160p17_20p00_bbH4F_TuneCP5_13TeV-amcatnlo_pythia8 0.0 0.0 0.975068279 0.913572399 3.3773327185 2.87677462547 1.432 6.499 1.56697982 300.18225 0.978322919398 30.1043233648
AToZHTo2L2B_997p14_186p51_20p00_bbH4F_TuneCP5_13TeV-amcatnlo_pythia8 0.0 0.0 0.974348639 0.911401982 3.32534087661 2.87677462547 1.619 6.499 1.77668805 291.760738 0.95259667042 29.2597567042
AToZHTo2L2B_997p14_217p19_20p00_bbH4F_TuneCP5_13TeV-amcatnlo_pythia8 0.0 0.0 0.973327809 0.909164003 3.27709939811 2.87677462547 1.833 6.499 2.015777 280.594121 0.928116856209 28.1398921917
AToZHTo2L2B_997p14_254p82_20p00_bbH4F_TuneCP5_13TeV-amcatnlo_pythia8 0.0 0.0 0.971767583 0.856147065 3.22769474256 2.87677462547 2.088 6.499 2.43870594 265.087471 0.957030821757 26.5847795696
AToZHTo2L2B_997p14_298p97_20p00_bbH4F_TuneCP5_13TeV-amcatnlo_pythia8 0.0 0.0 0.969415443 0.804943112 3.18042161208 2.87677462547 2.38 6.499 2.95667382 244.700614 0.98895334649 24.540246505
AToZHTo2L2B_997p14_350p77_20p00_bbH4F_TuneCP5_13TeV-amcatnlo_pythia8 0.0 0.0 0.965733053 0.80809871 3.13477644391 2.87677462547 2.714 6.499 3.35902948 218.404632 0.957615953474 21.9031060834
AToZHTo2L2B_997p14_411p54_20p00_bbH4F_TuneCP5_13TeV-amcatnlo_pythia8 0.0 0.0 0.959639717 0.818995945 3.0915355204 2.87677462547 3.098 6.499 3.78228713 185.431305 0.919056988385 18.5963159637
AToZHTo2L2B_997p14_482p85_20p00_bbH4F_TuneCP5_13TeV-amcatnlo_pythia8 0.0 0.0 0.948671108 0.830979672 3.04931400161 2.87677462547 3.537 6.499 4.25662534 145.805991 0.881562667495 14.622419219
AToZHTo2L2B_997p14_566p51_20p00_bbH4F_TuneCP5_13TeV-amcatnlo_pythia8 0.0 0.0 0.926139858 0.841621025 3.00880521294 2.87677462547 4.041 6.499 4.80180729 101.327451 0.847612096874 10.1618078705
AToZHTo2L2B_997p14_664p66_20p00_bbH4F_TuneCP5_13TeV-amcatnlo_pythia8 0.0 0.0 0.868479197 0.850037007 2.96992712922 2.87677462547 4.62 6.499 5.43489457 56.9040014 0.817695448801 5.7067213631
AToZHTo2L2B_997p14_779p83_20p00_bbH4F_TuneCP5_13TeV-amcatnlo_pythia8 0.0 0.0 0.654795058 0.85601808 2.93216715686 2.87677462547 5.284 6.499 6.17304735 21.6800488 0.791588852699 2.17422315823
