DatasetName  Sushi_xsc@NLO[pb]  Sushi_xsc_err[pb]  BR(H -> ZA )  BR(A  -> bb)  Ymb,H[GeV]  Ymb,A[GeV]  Partialwidth(H ->bb)[GeV]  Partialwidth(A ->bb)[GeV]  Totalwidth,H[GeV]  Totalwidth,A[GeV]  TotalWidth_H/Mass_H [%]  TotalWidth_A/Mass_A [%]
HToZATo2L2B_200p00_50p00_1p50_ggH_TuneCP5_13TeV_pythia8 0.0 0.0 0.986835176 0.915832247 3.29684924251 3.82593504439 0.009723 0.003179 0.885652146 0.00347082745 0.442826073 0.0069416549
HToZATo2L2B_200p00_100p00_1p50_ggH_TuneCP5_13TeV_pythia8 0.0 0.0 0.851242454 0.892073332 3.29684924251 3.54646615129 0.009723 0.005545 0.0777938328 0.00621551718 0.0388969164 0.00621551718
HToZATo2L2B_250p00_50p00_1p50_ggH_TuneCP5_13TeV_pythia8 0.0 0.0 0.994649378 0.915832247 3.22707312463 3.82593504439 0.01166 0.003179 2.77999749 0.00347082745 1.111998996 0.0069416549
HToZATo2L2B_250p00_100p00_1p50_ggH_TuneCP5_13TeV_pythia8 0.0 0.0 0.989342012 0.892073332 3.22707312463 3.54646615129 0.01166 0.005545 1.38365369 0.00621551718 0.553461476 0.00621551718
HToZATo2L2B_300p00_50p00_1p50_ggH_TuneCP5_13TeV_pythia8 0.0 0.0 0.996512094 0.915832247 3.17339294182 3.82593504439 0.01354 0.003179 5.93510216 0.00347082745 1.97836738667 0.0069416549
HToZATo2L2B_300p00_100p00_1p50_ggH_TuneCP5_13TeV_pythia8 0.0 0.0 0.994955892 0.892073332 3.17339294182 3.54646615129 0.01354 0.005545 4.06975245 0.00621551718 1.35658415 0.00621551718
HToZATo2L2B_300p00_200p00_1p50_ggH_TuneCP5_13TeV_pythia8 0.0 0.0 0.83085982 0.803805235 3.17339294182 3.31328040165 0.01354 0.009715 0.120187396 0.0120868549 0.0400624653333 0.00604342745
HToZATo2L2B_500p00_50p00_1p50_ggH_TuneCP5_13TeV_pythia8 0.0 0.0 0.864929266 0.915832247 3.03407098434 3.82593504439 0.02065 0.003179 41.4388988 0.00347082745 8.28777976 0.0069416549
HToZATo2L2B_500p00_100p00_1p50_ggH_TuneCP5_13TeV_pythia8 0.0 0.0 0.852480767 0.892073332 3.03407098434 3.54646615129 0.02065 0.005545 37.9397549 0.00621551718 7.58795098 0.00621551718
HToZATo2L2B_500p00_200p00_1p50_ggH_TuneCP5_13TeV_pythia8 0.0 0.0 0.785464782 0.803805235 3.03407098434 3.31328040165 0.02065 0.009715 26.0834634 0.0120868549 5.21669268 0.00604342745
HToZATo2L2B_500p00_300p00_1p50_ggH_TuneCP5_13TeV_pythia8 0.0 0.0 0.570528705 0.568484205 3.03407098434 3.18913253812 0.02065 0.01351 13.0282339 0.0237707679 2.60564678 0.0079235893
HToZATo2L2B_500p00_400p00_1p50_ggH_TuneCP5_13TeV_pythia8 0.0 0.0 0.0227590347 0.00256158287 3.03407098434 3.10868172084 0.02065 0.01712 5.72556072 6.68498218 1.145112144 1.671245545
HToZATo2L2B_650p00_50p00_1p50_ggH_TuneCP5_13TeV_pythia8 0.0 0.0 0.888829236 0.915832247 2.96946351282 3.82593504439 0.02572 0.003179 93.7264088 0.00347082745 14.4194475077 0.0069416549
HToZATo2L2B_800p00_50p00_1p50_ggH_TuneCP5_13TeV_pythia8 0.0 0.0 0.916707273 0.915832247 2.92032654571 3.82593504439 0.03062 0.003179 174.077534 0.00347082745 21.75969175 0.0069416549
HToZATo2L2B_800p00_100p00_1p50_ggH_TuneCP5_13TeV_pythia8 0.0 0.0 0.913845133 0.892073332 2.92032654571 3.54646615129 0.03062 0.005545 168.287891 0.00621551718 21.035986375 0.00621551718
HToZATo2L2B_800p00_200p00_1p50_ggH_TuneCP5_13TeV_pythia8 0.0 0.0 0.901042303 0.803805235 2.92032654571 3.31328040165 0.03062 0.009715 146.494491 0.0120868549 18.311811375 0.00604342745
HToZATo2L2B_800p00_400p00_1p50_ggH_TuneCP5_13TeV_pythia8 0.0 0.0 0.817373202 0.00256158287 2.92032654571 3.10868172084 0.03062 0.01712 79.3486352 6.68498218 9.9185794 1.671245545
HToZATo2L2B_800p00_700p00_1p50_ggH_TuneCP5_13TeV_pythia8 0.0 0.0 0.0101608238 0.0017860747 2.92032654571 2.96716987367 0.03062 0.0273 14.639941 15.2876748 1.829992625 2.18395354286
HToZATo2L2B_1000p00_50p00_1p50_ggH_TuneCP5_13TeV_pythia8 0.0 0.0 0.942704671 0.915832247 2.86999274841 3.82593504439 0.03697 0.003179 336.857956 0.00347082745 33.6857956 0.0069416549
HToZATo2L2B_1000p00_200p00_1p50_ggH_TuneCP5_13TeV_pythia8 0.0 0.0 0.935997612 0.803805235 2.86999274841 3.31328040165 0.03697 0.009715 301.503634 0.0120868549 30.1503634 0.00604342745
HToZATo2L2B_1000p00_500p00_1p50_ggH_TuneCP5_13TeV_pythia8 0.0 0.0 0.871555418 0.0020229434 2.86999274841 3.05059604876 0.03697 0.02061 150.136533 10.186679 15.0136533 2.0373358
HToZATo2L2B_132p00_30p00_1p50_ggH_TuneCP5_13TeV_pythia8 0.0 0.0 0.806002891 0.920037726 3.43315885709 4.07803955121 0.006926 0.002088 0.0405664264 0.00226942515 0.0307321412121 0.0075647505
HToZATo2L2B_132p00_37p34_1p50_ggH_TuneCP5_13TeV_pythia8 0.0 0.0 0.46352055 0.919218307 3.43315885709 3.96433659791 0.006926 0.002508 0.0146598274 0.00272806332 0.0111059298485 0.00730600782003
HToZATo2L2B_143p44_30p00_1p50_ggH_TuneCP5_13TeV_pythia8 0.0 0.0 0.928225917 0.920037726 3.4056942604 4.07803955121 0.007416 0.002088 0.118186578 0.00226942515 0.082394435304 0.0075647505
HToZATo2L2B_143p44_37p34_1p50_ggH_TuneCP5_13TeV_pythia8 0.0 0.0 0.888400323 0.919218307 3.4056942604 3.96433659791 0.007416 0.002508 0.0759590407 0.00272806332 0.0529552709844 0.00730600782003
HToZATo2L2B_143p44_46p48_1p50_ggH_TuneCP5_13TeV_pythia8 0.0 0.0 0.684799857 0.916938625 3.4056942604 3.85904442654 0.007416 0.002997 0.0268690357 0.00326851803 0.0187318988427 0.0070320955895
HToZATo2L2B_157p77_30p00_1p50_ggH_TuneCP5_13TeV_pythia8 0.0 0.0 0.966223988 0.920037726 3.37542287682 4.07803955121 0.008022 0.002088 0.274155536 0.00226942515 0.173769117069 0.0075647505
HToZATo2L2B_157p77_37p34_1p50_ggH_TuneCP5_13TeV_pythia8 0.0 0.0 0.957552532 0.919218307 3.37542287682 3.96433659791 0.008022 0.002508 0.217995296 0.00272806332 0.138172844013 0.00730600782003
HToZATo2L2B_157p77_46p48_1p50_ggH_TuneCP5_13TeV_pythia8 0.0 0.0 0.934764542 0.916938625 3.37542287682 3.85904442654 0.008022 0.002997 0.141704383 0.00326851803 0.0898170647145 0.0070320955895
HToZATo2L2B_157p77_57p85_1p50_ggH_TuneCP5_13TeV_pythia8 0.0 0.0 0.82150791 0.913029062 3.37542287682 3.76172567435 0.008022 0.003574 0.0517222285 0.00391406278 0.0327833101984 0.00676588207433
HToZATo2L2B_173p52_30p00_1p50_ggH_TuneCP5_13TeV_pythia8 0.0 0.0 0.980695425 0.920037726 3.34336369003 4.07803955121 0.008665 0.002088 0.525114487 0.00226942515 0.302624761987 0.0075647505
HToZATo2L2B_173p52_37p34_1p50_ggH_TuneCP5_13TeV_pythia8 0.0 0.0 0.977820398 0.919218307 3.34336369003 3.96433659791 0.008665 0.002508 0.456713112 0.00272806332 0.263204882434 0.00730600782003
HToZATo2L2B_173p52_46p48_1p50_ggH_TuneCP5_13TeV_pythia8 0.0 0.0 0.971808754 0.916938625 3.34336369003 3.85904442654 0.008665 0.002997 0.35894497 0.00326851803 0.206860863301 0.0070320955895
HToZATo2L2B_173p52_57p85_1p50_ggH_TuneCP5_13TeV_pythia8 0.0 0.0 0.955631448 0.913029062 3.34336369003 3.76172567435 0.008665 0.003574 0.227743405 0.00391406278 0.131249080798 0.00676588207433
HToZATo2L2B_173p52_72p01_1p50_ggH_TuneCP5_13TeV_pythia8 0.0 0.0 0.867450378 0.907019086 3.34336369003 3.67102861416 0.008665 0.004259 0.0760964375 0.00469559162 0.0438545628746 0.00652074936814
HToZATo2L2B_190p85_30p00_1p50_ggH_TuneCP5_13TeV_pythia8 0.0 0.0 0.987686442 0.920037726 3.31198267345 4.07803955121 0.00936 0.002088 0.904850942 0.00226942515 0.474116291328 0.0075647505
HToZATo2L2B_190p85_37p34_1p50_ggH_TuneCP5_13TeV_pythia8 0.0 0.0 0.986500911 0.919218307 3.31198267345 3.96433659791 0.00936 0.002508 0.824767 0.00272806332 0.432154571653 0.00730600782003
HToZATo2L2B_190p85_46p48_1p50_ggH_TuneCP5_13TeV_pythia8 0.0 0.0 0.984277872 0.916938625 3.31198267345 3.85904442654 0.00936 0.002997 0.707377396 0.00326851803 0.370645740634 0.0070320955895
HToZATo2L2B_190p85_57p85_1p50_ggH_TuneCP5_13TeV_pythia8 0.0 0.0 0.979503161 0.913029062 3.31198267345 3.76172567435 0.00936 0.003574 0.541767931 0.00391406278 0.283871066806 0.00676588207433
HToZATo2L2B_190p85_71p28_1p50_ggH_TuneCP5_13TeV_pythia8 0.0 0.0 0.966937487 0.907355769 3.31198267345 3.675028248 0.00936 0.004224 0.335229132 0.00465567734 0.175650580037 0.00653153386644
HToZATo2L2B_190p85_86p78_1p50_ggH_TuneCP5_13TeV_pythia8 0.0 0.0 0.906613732 0.899621801 3.31198267345 3.59876517857 0.00936 0.004947 0.118437242 0.00549868519 0.0620577636888 0.00633635076054
HToZATo2L2B_209p90_30p00_1p50_ggH_TuneCP5_13TeV_pythia8 0.0 0.0 0.991572316 0.920037726 3.281014445 4.07803955121 0.01011 0.002088 1.45800801 0.00226942515 0.694620300143 0.0075647505
HToZATo2L2B_209p90_37p34_1p50_ggH_TuneCP5_13TeV_pythia8 0.0 0.0 0.991013175 0.919218307 3.281014445 3.96433659791 0.01011 0.002508 1.36625435 0.00272806332 0.650907265364 0.00730600782003
HToZATo2L2B_209p90_46p48_1p50_ggH_TuneCP5_13TeV_pythia8 0.0 0.0 0.990026662 0.916938625 3.281014445 3.85904442654 0.01011 0.002997 1.22973186 0.00326851803 0.585865583611 0.0070320955895
HToZATo2L2B_209p90_57p71_1p50_ggH_TuneCP5_13TeV_pythia8 0.0 0.0 0.988163065 0.913082671 3.281014445 3.76269913077 0.01011 0.003567 1.03448867 0.00390623643 0.492848342068 0.00676873406689
HToZATo2L2B_209p90_71p15_1p50_ggH_TuneCP5_13TeV_pythia8 0.0 0.0 0.984225368 0.907415433 3.281014445 3.6758326596 0.01011 0.004218 0.774663457 0.0046485661 0.369063104812 0.00653347308503
HToZATo2L2B_209p90_86p79_1p50_ggH_TuneCP5_13TeV_pythia8 0.0 0.0 0.973726106 0.899616421 3.281014445 3.59854014136 0.01011 0.004947 0.463989368 0.00549922724 0.221052581229 0.00633624523563
HToZATo2L2B_209p90_104p53_1p50_ggH_TuneCP5_13TeV_pythia8 0.0 0.0 0.921290658 0.889284612 3.281014445 3.53035305985 0.01011 0.005746 0.15445824 0.00646183902 0.0735865840877 0.00618180332919
HToZATo2L2B_230p77_30p00_1p50_ggH_TuneCP5_13TeV_pythia8 0.0 0.0 0.993928732 0.920037726 3.25114761767 4.07803955121 0.01092 0.002088 2.24155696 0.00226942515 0.97133811154 0.0075647505
HToZATo2L2B_230p77_37p10_1p50_ggH_TuneCP5_13TeV_pythia8 0.0 0.0 0.993649877 0.919263163 3.25114761767 3.96715967359 0.01092 0.002494 2.14153824 0.00271349049 0.927996810677 0.00731399053908
HToZATo2L2B_230p77_45p88_1p50_ggH_TuneCP5_13TeV_pythia8 0.0 0.0 0.993184197 0.917116432 3.25114761767 3.86538862726 0.01092 0.002966 1.99305126 0.0032337625 0.863652667158 0.00704830536181
HToZATo2L2B_230p77_56p73_1p50_ggH_TuneCP5_13TeV_pythia8 0.0 0.0 0.9923653 0.913454463 3.25114761767 3.77000122195 0.01092 0.003518 1.77649838 0.00385138137 0.769813398622 0.00678896768905
HToZATo2L2B_230p77_69p78_1p50_ggH_TuneCP5_13TeV_pythia8 0.0 0.0 0.990843381 0.908038785 3.25114761767 3.68383702525 0.01092 0.004153 1.47811645 0.00457356268 0.640514993283 0.00655426007452
HToZATo2L2B_230p77_85p09_1p50_ggH_TuneCP5_13TeV_pythia8 0.0 0.0 0.987686679 0.900523859 3.25114761767 3.60600472557 0.01092 0.004869 1.09633437 0.0054070648 0.475076643411 0.00635452438594
HToZATo2L2B_230p77_102p72_1p50_ggH_TuneCP5_13TeV_pythia8 0.0 0.0 0.979410094 0.890411365 3.25114761767 3.53669177351 0.01092 0.005666 0.653757144 0.00636334636 0.283293818087 0.00619484653427
HToZATo2L2B_230p77_123p89_1p50_ggH_TuneCP5_13TeV_pythia8 0.0 0.0 0.932761805 0.876167754 3.25114761767 3.47141628034 0.01092 0.006593 0.199697785 0.007524945 0.0865354183819 0.0060738921624
HToZATo2L2B_261p40_30p00_1p50_ggH_TuneCP5_13TeV_pythia8 0.0 0.0 0.995673983 0.920037726 3.21324321578 4.07803955121 0.01209 0.002088 3.76266472 0.00226942515 1.43942797246 0.0075647505
HToZATo2L2B_261p40_37p10_1p50_ggH_TuneCP5_13TeV_pythia8 0.0 0.0 0.995539431 0.919263163 3.21324321578 3.96715967359 0.01209 0.002494 3.64656781 0.00271349049 1.39501446442 0.00731399053908
HToZATo2L2B_261p40_45p88_1p50_ggH_TuneCP5_13TeV_pythia8 0.0 0.0 0.995321163 0.917116432 3.21324321578 3.86538862726 0.01209 0.002966 3.47278225 0.0032337625 1.32853184774 0.00704830536181
HToZATo2L2B_261p40_56p73_1p50_ggH_TuneCP5_13TeV_pythia8 0.0 0.0 0.994955245 0.913454463 3.21324321578 3.77000122195 0.01209 0.003518 3.21592683 0.00385138137 1.23027040168 0.00678896768905
HToZATo2L2B_261p40_69p66_1p50_ggH_TuneCP5_13TeV_pythia8 0.0 0.0 0.994334819 0.908092912 3.21324321578 3.68415340005 0.01209 0.004147 2.85771518 0.00456698745 1.09323457536 0.00655611175711
HToZATo2L2B_261p40_85p10_1p50_ggH_TuneCP5_13TeV_pythia8 0.0 0.0 0.993197824 0.900518564 3.21324321578 3.60626368579 0.01209 0.00487 2.37351485 0.00540760703 0.908001090283 0.00635441484136
HToZATo2L2B_261p40_102p99_1p50_ggH_TuneCP5_13TeV_pythia8 0.0 0.0 0.990904413 0.890244344 3.21324321578 3.53574450669 0.01209 0.005678 1.76928959 0.00637803203 0.67685141163 0.00619286535586
HToZATo2L2B_261p40_124p53_1p50_ggH_TuneCP5_13TeV_pythia8 0.0 0.0 0.984675036 0.875700018 3.21324321578 3.46967099187 0.01209 0.006621 1.04623223 0.00756048917 0.400241863045 0.00607121911989
HToZATo2L2B_261p40_150p50_1p50_ggH_TuneCP5_13TeV_pythia8 0.0 0.0 0.949242658 0.854748337 3.21324321578 3.4070943039 0.01209 0.007723 0.315361958 0.00903594764 0.120643442234 0.00600395192027
HToZATo2L2B_296p10_30p00_1p50_ggH_TuneCP5_13TeV_pythia8 0.0 0.0 0.996675645 0.920037726 3.17772885111 4.07803955121 0.0134 0.002088 6.08059918 0.00226942515 2.05356270854 0.0075647505
HToZATo2L2B_296p10_36p79_1p50_ggH_TuneCP5_13TeV_pythia8 0.0 0.0 0.996606718 0.919319669 3.17772885111 3.97144254111 0.0134 0.002477 5.95335601 0.00269463184 2.01058966903 0.0073243594455
HToZATo2L2B_296p10_45p12_1p50_ggH_TuneCP5_13TeV_pythia8 0.0 0.0 0.99649893 0.917336799 3.17772885111 3.87305225692 0.0134 0.002926 5.76474839 0.00318961483 1.94689239784 0.00706918180408
HToZATo2L2B_296p10_55p33_1p50_ggH_TuneCP5_13TeV_pythia8 0.0 0.0 0.996327045 0.913974857 3.17772885111 3.78090874165 0.0134 0.003448 5.4876086 0.00377279292 1.85329571091 0.00681871122357
HToZATo2L2B_296p10_67p65_1p50_ggH_TuneCP5_13TeV_pythia8 0.0 0.0 0.996049152 0.908988092 3.17772885111 3.69612346745 0.0134 0.004051 5.09202287 0.00445670832 1.7196970179 0.00658789108647
HToZATo2L2B_296p10_82p40_1p50_ggH_TuneCP5_13TeV_pythia8 0.0 0.0 0.995583306 0.901930241 3.17772885111 3.61834494005 0.0134 0.004745 4.54336452 0.00526114813 1.53440206687 0.00638488850728
HToZATo2L2B_296p10_99p90_1p50_ggH_TuneCP5_13TeV_pythia8 0.0 0.0 0.994753257 0.892133721 3.17772885111 3.54656996368 0.0134 0.00554 3.81215987 0.00621008595 1.28745689632 0.00621630225225
HToZATo2L2B_296p10_120p82_1p50_ggH_TuneCP5_13TeV_pythia8 0.0 0.0 0.99306915 0.878380418 3.17772885111 3.4798604395 0.0134 0.00646 2.8746005 0.00735486622 0.970820837555 0.0060874575567
HToZATo2L2B_296p10_145p93_1p50_ggH_TuneCP5_13TeV_pythia8 0.0 0.0 0.988711781 0.858724952 3.17772885111 3.4171181255 0.0134 0.007532 1.75695452 0.00877079893 0.593365254981 0.00601027816761
HToZATo2L2B_296p10_176p02_1p50_ggH_TuneCP5_13TeV_pythia8 0.0 0.0 0.967989306 0.831344015 3.17772885111 3.35525020758 0.0134 0.008765 0.61897738 0.0105429484 0.209043356974 0.00598963095103
HToZATo2L2B_335p40_30p00_1p50_ggH_TuneCP5_13TeV_pythia8 0.0 0.0 0.996920148 0.920037726 3.14150600742 4.07803955121 0.01484 0.002088 9.56948049 0.00226942515 2.85315458855 0.0075647505
HToZATo2L2B_335p40_36p79_1p50_ggH_TuneCP5_13TeV_pythia8 0.0 0.0 0.996874072 0.919319669 3.14150600742 3.97144254111 0.01484 0.002477 9.42379531 0.00269463184 2.8097183393 0.0073243594455
HToZATo2L2B_335p40_45p12_1p50_ggH_TuneCP5_13TeV_pythia8 0.0 0.0 0.996802809 0.917336799 3.14150600742 3.87305225692 0.01484 0.002926 9.20704982 0.00318961483 2.7450953548 0.00706918180408
HToZATo2L2B_335p40_55p33_1p50_ggH_TuneCP5_13TeV_pythia8 0.0 0.0 0.996691099 0.913974857 3.14150600742 3.78090874165 0.01484 0.003448 8.88674361 0.00377279292 2.64959559034 0.00681871122357
HToZATo2L2B_335p40_67p54_1p50_ggH_TuneCP5_13TeV_pythia8 0.0 0.0 0.996517035 0.909036455 3.14150600742 3.69707184162 0.01484 0.004046 8.42997096 0.00445066493 2.51340815742 0.00658967268285
HToZATo2L2B_335p40_82p14_1p50_ggH_TuneCP5_13TeV_pythia8 0.0 0.0 0.996238332 0.902064253 3.14150600742 3.61953220901 0.01484 0.004733 7.78932064 0.00524703757 2.32239732856 0.00638792009983
HToZATo2L2B_335p40_99p61_1p50_ggH_TuneCP5_13TeV_pythia8 0.0 0.0 0.995771092 0.892308562 3.14150600742 3.54766218442 0.01484 0.005527 6.90973846 0.00619433674 2.06014861658 0.00621858923803
HToZATo2L2B_335p40_120p39_1p50_ggH_TuneCP5_13TeV_pythia8 0.0 0.0 0.994933029 0.878686262 3.14150600742 3.48122393241 0.01484 0.006442 5.74708435 0.00733109767 1.71350159511 0.00608945732204
HToZATo2L2B_335p40_145p06_1p50_ggH_TuneCP5_13TeV_pythia8 0.0 0.0 0.993233697 0.859467445 3.14150600742 3.41895909869 0.01484 0.007495 4.28661212 0.00872062689 1.27805966607 0.00601173782573
HToZATo2L2B_335p40_174p55_1p50_ggH_TuneCP5_13TeV_pythia8 0.0 0.0 0.988823798 0.832885225 3.14150600742 3.35801791478 0.01484 0.008706 2.58431486 0.0104526944 0.770517251044 0.00598836688628
HToZATo2L2B_335p40_209p73_1p50_ggH_TuneCP5_13TeV_pythia8 0.0 0.0 0.967975849 0.791206018 3.14150600742 3.29884376851 0.01484 0.0101 0.901907562 0.012760259 0.268905057245 0.00608413627044
HToZATo2L2B_379p00_30p00_1p50_ggH_TuneCP5_13TeV_pythia8 0.0 0.0 0.932796854 0.920037726 3.10726035765 4.07803955121 0.01641 0.002088 15.6570105 0.00226942515 4.13113733509 0.0075647505
HToZATo2L2B_379p00_36p63_1p50_ggH_TuneCP5_13TeV_pythia8 0.0 0.0 0.93209727 0.919348189 3.10726035765 3.97375666826 0.01641 0.002468 15.495464 0.00268488245 4.08851292876 0.00732973641824
HToZATo2L2B_379p00_44p72_1p50_ggH_TuneCP5_13TeV_pythia8 0.0 0.0 0.931036514 0.917450536 3.10726035765 3.87724979776 0.01641 0.002905 15.2567795 0.00316632167 4.02553548813 0.00708032573792
HToZATo2L2B_379p00_54p59_1p50_ggH_TuneCP5_13TeV_pythia8 0.0 0.0 0.929414371 0.914244688 3.10726035765 3.78664815135 0.01641 0.003411 14.9056718 0.00373114086 3.93289493404 0.00683484312145
HToZATo2L2B_379p00_66p57_1p50_ggH_TuneCP5_13TeV_pythia8 0.0 0.0 0.926915317 0.909460077 3.10726035765 3.70268549595 0.01641 0.003999 14.3953098 0.00439733393 3.79823477573 0.00660557898453
HToZATo2L2B_379p00_80p99_1p50_ggH_TuneCP5_13TeV_pythia8 0.0 0.0 0.923029082 0.902652932 3.10726035765 3.6249431956 0.01641 0.00468 13.6675925 0.00518460727 3.60622493404 0.00640154002963
HToZATo2L2B_379p00_98p26_1p50_ggH_TuneCP5_13TeV_pythia8 0.0 0.0 0.916855707 0.893116896 3.10726035765 3.55274951584 0.01641 0.005467 12.6516511 0.00612104619 3.33816651715 0.00622943841848
HToZATo2L2B_379p00_118p81_1p50_ggH_TuneCP5_13TeV_pythia8 0.0 0.0 0.906714548 0.879801524 3.10726035765 3.48562683224 0.01641 0.006373 11.2749581 0.00724386934 2.97492298153 0.00609701989732
HToZATo2L2B_379p00_143p08_1p50_ggH_TuneCP5_13TeV_pythia8 0.0 0.0 0.889135118 0.861140158 3.10726035765 3.42362676798 0.01641 0.007412 9.48577862 0.00860678863 2.50284396306 0.00601536806682
HToZATo2L2B_379p00_171p71_1p50_ggH_TuneCP5_13TeV_pythia8 0.0 0.0 0.855575758 0.834517351 3.10726035765 3.36549465685 0.01641 0.008602 7.28043732 0.0103081598 1.92095971504 0.00600323790111
HToZATo2L2B_379p00_205p76_1p50_ggH_TuneCP5_13TeV_pythia8 0.0 0.0 0.779290158 0.796455541 3.10726035765 3.30421324618 0.01641 0.009941 4.76345021 0.0124816469 1.25684702111 0.00606611921656
HToZATo2L2B_379p00_246p30_1p50_ggH_TuneCP5_13TeV_pythia8 0.0 0.0 0.548750601 0.732253277 3.10726035765 3.24770194572 0.01641 0.0115 2.3298432 0.0157089413 0.614734353562 0.00637797048315
HToZATo2L2B_442p63_30p00_1p50_ggH_TuneCP5_13TeV_pythia8 0.0 0.0 0.876016873 0.920037726 3.06645704907 4.07803955121 0.01867 0.002088 28.0754436 0.00226942515 6.34286957504 0.0075647505
HToZATo2L2B_442p63_36p64_1p50_ggH_TuneCP5_13TeV_pythia8 0.0 0.0 0.875172017 0.91934642 3.06645704907 3.97352982689 0.01867 0.002469 27.8852728 0.00268549211 6.2999057452 0.00732939986354
HToZATo2L2B_442p63_44p76_1p50_ggH_TuneCP5_13TeV_pythia8 0.0 0.0 0.873896022 0.917439234 3.06645704907 3.87662098379 0.01867 0.002907 27.6028912 0.00316865281 6.23610943678 0.00707920645666
HToZATo2L2B_442p63_54p67_1p50_ggH_TuneCP5_13TeV_pythia8 0.0 0.0 0.871962165 0.914215695 3.06645704907 3.78603870218 0.01867 0.003415 27.1856617 0.00373564767 6.14184797687 0.00683308518383
HToZATo2L2B_442p63_66p49_1p50_ggH_TuneCP5_13TeV_pythia8 0.0 0.0 0.869082285 0.909494786 3.06645704907 3.70316337697 0.01867 0.003995 26.5871945 0.00439293228 6.00664087387 0.00660690672282
HToZATo2L2B_442p63_80p03_1p50_ggH_TuneCP5_13TeV_pythia8 0.0 0.0 0.864952493 0.903139258 3.06645704907 3.6294314171 0.01867 0.004635 25.773568 0.0051324664 5.82282448094 0.00641317805823
HToZATo2L2B_442p63_95p27_1p50_ggH_TuneCP5_13TeV_pythia8 0.0 0.0 0.859120649 0.894874587 3.06645704907 3.56378861775 0.01867 0.005332 24.7059249 0.00595884296 5.58162006642 0.00625468978692
HToZATo2L2B_442p63_113p53_1p50_ggH_TuneCP5_13TeV_pythia8 0.0 0.0 0.850221925 0.883432041 3.06645704907 3.50140960489 0.01867 0.006143 23.2371691 0.00695350183 5.24979533696 0.00612481443671
HToZATo2L2B_442p63_135p44_1p50_ggH_TuneCP5_13TeV_pythia8 0.0 0.0 0.836191716 0.867375989 3.06645704907 3.44151143298 0.01867 0.007088 21.2458159 0.00817174065 4.79990418634 0.00603347655789
HToZATo2L2B_442p63_161p81_1p50_ggH_TuneCP5_13TeV_pythia8 0.0 0.0 0.812947728 0.844336168 3.06645704907 3.38406735127 0.01867 0.008194 18.6045239 0.00970500053 4.20317734903 0.00599777549595
HToZATo2L2B_442p63_193p26_1p50_ggH_TuneCP5_13TeV_pythia8 0.0 0.0 0.772131313 0.812025678 3.06645704907 3.32444191347 0.01867 0.00945 15.2709123 0.0116378037 3.45004005603 0.0060218377833
HToZATo2L2B_442p63_230p49_1p50_ggH_TuneCP5_13TeV_pythia8 0.0 0.0 0.69388709 0.760260001 3.06645704907 3.26867342358 0.01867 0.0109 11.366712 0.0143357736 2.56799403565 0.00621969439021
HToZATo2L2B_442p63_274p57_1p50_ggH_TuneCP5_13TeV_pythia8 0.0 0.0 0.524122771 0.67002931 3.06645704907 3.21563658398 0.01867 0.01257 7.31175412 0.0187583494 1.65188851185 0.0068319005718
HToZATo2L2B_442p63_327p94_1p50_ggH_TuneCP5_13TeV_pythia8 0.0 0.0 0.140863846 0.301999762 3.06645704907 3.16426335308 0.01867 0.01454 4.04999518 0.0481380719 0.914984339064 0.0146789266024
HToZATo2L2B_516p94_30p00_1p50_ggH_TuneCP5_13TeV_pythia8 0.0 0.0 0.868150846 0.920037726 3.02620960617 4.07803955121 0.02124 0.002088 46.9629664 0.00226942515 9.08480024761 0.0075647505
HToZATo2L2B_516p94_36p47_1p50_ggH_TuneCP5_13TeV_pythia8 0.0 0.0 0.867539895 0.919376262 3.02620960617 3.97561615086 0.02124 0.002459 46.7461945 0.00267512208 9.04286658026 0.00733513046339
HToZATo2L2B_516p94_44p34_1p50_ggH_TuneCP5_13TeV_pythia8 0.0 0.0 0.866629773 0.917557113 3.02620960617 3.88120922146 0.02124 0.002885 46.4269593 0.00314415529 8.98111179247 0.00709101328372
HToZATo2L2B_516p94_53p90_1p50_ggH_TuneCP5_13TeV_pythia8 0.0 0.0 0.865271087 0.914492947 3.02620960617 3.79268475233 0.02124 0.003377 45.9584184 0.00369222951 8.89047440709 0.00685014751391
HToZATo2L2B_516p94_65p52_1p50_ggH_TuneCP5_13TeV_pythia8 0.0 0.0 0.863231066 0.90991283 3.02620960617 3.70947036281 0.02124 0.003949 45.2724176 0.0043395216 8.75777026347 0.0066232014652
HToZATo2L2B_516p94_78p52_1p50_ggH_TuneCP5_13TeV_pythia8 0.0 0.0 0.86041536 0.903894804 3.02620960617 3.63698524888 0.02124 0.004565 44.3585419 0.00505039995 8.58098462104 0.00643199178553
HToZATo2L2B_516p94_93p12_1p50_ggH_TuneCP5_13TeV_pythia8 0.0 0.0 0.856530582 0.896110791 3.02620960617 3.57229629853 0.02124 0.005235 43.1566203 0.00584228398 8.34847763764 0.00627393039089
HToZATo2L2B_516p94_109p30_1p50_ggH_TuneCP5_13TeV_pythia8 0.0 0.0 0.851243671 0.886234917 3.02620960617 3.51466726848 0.02124 0.005957 41.6218218 0.00672197382 8.05157693349 0.00615002179323
HToZATo2L2B_516p94_128p58_1p50_ggH_TuneCP5_13TeV_pythia8 0.0 0.0 0.843417844 0.872687836 3.02620960617 3.4588414528 0.02124 0.006795 39.5403681 0.00778617393 7.64892794135 0.00605550935604
HToZATo2L2B_516p94_151p69_1p50_ggH_TuneCP5_13TeV_pythia8 0.0 0.0 0.831458309 0.853691515 3.02620960617 3.40455823242 0.02124 0.007773 36.7331302 0.00910545116 7.10587886408 0.00600267068363
HToZATo2L2B_516p94_179p35_1p50_ggH_TuneCP5_13TeV_pythia8 0.0 0.0 0.812526685 0.827793328 3.02620960617 3.34901622477 0.02124 0.008898 33.0220181 0.0107490649 6.38797889504 0.00599334535824
HToZATo2L2B_516p94_212p14_1p50_ggH_TuneCP5_13TeV_pythia8 0.0 0.0 0.781321864 0.787942519 3.02620960617 3.29453363238 0.02124 0.01019 28.3081607 0.0129321788 5.47610181066 0.00609605864052
HToZATo2L2B_516p94_250p63_1p50_ggH_TuneCP5_13TeV_pythia8 0.0 0.0 0.726854619 0.723916641 3.02620960617 3.24321479033 0.02124 0.01167 22.6617849 0.0161169177 4.3838327272 0.0064305620636
HToZATo2L2B_516p94_296p65_1p50_ggH_TuneCP5_13TeV_pythia8 0.0 0.0 0.620522367 0.587000032 3.02620960617 3.19285625288 0.02124 0.01339 16.3113864 0.0228101566 3.1553732348 0.00768924881173
HToZATo2L2B_516p94_352p61_1p50_ggH_TuneCP5_13TeV_pythia8 0.0 0.0 0.388017887 0.00425057144 3.02620960617 3.14344612506 0.02124 0.01543 10.1143582 3.63047555 1.95658262081 1.02960084796
HToZATo2L2B_516p94_423p96_1p50_ggH_TuneCP5_13TeV_pythia8 0.0 0.0 0.00265547767 0.00234104773 3.02620960617 3.09355056542 0.02124 0.01797 6.20628697 7.6755427 1.20058168646 1.81044030097
HToZATo2L2B_609p21_30p00_1p50_ggH_TuneCP5_13TeV_pythia8 0.0 0.0 0.882027787 0.920037726 2.98512873418 4.07803955121 0.02436 0.002088 77.9752801 0.00226942515 12.7994090872 0.0075647505
HToZATo2L2B_609p21_34p86_1p50_ggH_TuneCP5_13TeV_pythia8 0.0 0.0 0.88174312 0.91963235 2.98512873418 3.99855750458 0.02436 0.002369 77.7874203 0.00257626778 12.7685724627 0.00739032639128
HToZATo2L2B_609p21_40p51_1p50_ggH_TuneCP5_13TeV_pythia8 0.0 0.0 0.881357158 0.91854366 2.98512873418 3.92406865122 0.02436 0.002681 77.5341545 0.00291848106 12.7269996389 0.00720434722291
HToZATo2L2B_609p21_47p08_1p50_ggH_TuneCP5_13TeV_pythia8 0.0 0.0 0.880833022 0.91675754 2.98512873418 3.8529497056 0.02436 0.003028 77.1928486 0.00330319035 12.6709752959 0.00701612223874
HToZATo2L2B_609p21_54p71_1p50_ggH_TuneCP5_13TeV_pythia8 0.0 0.0 0.88012094 0.914201182 2.98512873418 3.7856267092 0.02436 0.003417 76.7339437 0.00373790072 12.5956474286 0.00683220749406
HToZATo2L2B_609p21_63p58_1p50_ggH_TuneCP5_13TeV_pythia8 0.0 0.0 0.879150296 0.91073322 2.98512873418 3.72193715035 0.02436 0.003855 76.1171252 0.00423246168 12.4943985161 0.00665690732935
HToZATo2L2B_609p21_73p89_1p50_ggH_TuneCP5_13TeV_pythia8 0.0 0.0 0.877823152 0.906139222 2.98512873418 3.66093239084 0.02436 0.004348 75.2896383 0.00479825227 12.3585690156 0.00649377760184
HToZATo2L2B_609p21_85p86_1p50_ggH_TuneCP5_13TeV_pythia8 0.0 0.0 0.876002998 0.90011463 2.98512873418 3.60278390436 0.02436 0.004905 74.1835883 0.00544881286 12.1770142151 0.0063461598649
HToZATo2L2B_609p21_99p78_1p50_ggH_TuneCP5_13TeV_pythia8 0.0 0.0 0.873488021 0.89220612 2.98512873418 3.54717431198 0.02436 0.005535 72.7077347 0.0062035688 11.9347572594 0.00621724674283
HToZATo2L2B_609p21_116p29_1p50_ggH_TuneCP5_13TeV_pythia8 0.0 0.0 0.869908471 0.881552692 2.98512873418 3.49326536646 0.02436 0.006264 70.7056611 0.00710507805 11.606122864 0.00610979280248
HToZATo2L2B_609p21_135p66_1p50_ggH_TuneCP5_13TeV_pythia8 0.0 0.0 0.864800386 0.867201195 2.98512873418 3.44088857709 0.02436 0.007097 68.0324112 0.00818418072 11.1673168858 0.00603286209642
HToZATo2L2B_609p21_158p41_1p50_ggH_TuneCP5_13TeV_pythia8 0.0 0.0 0.857377751 0.847553927 2.98512873418 3.39072366854 0.02436 0.008053 64.489447 0.0095017975 10.5857499056 0.00599823085664
HToZATo2L2B_609p21_185p18_1p50_ggH_TuneCP5_13TeV_pythia8 0.0 0.0 0.84631256 0.82137308 2.98512873418 3.33835845809 0.02436 0.00913 59.8436529 0.0111158238 9.82315669474 0.00600271292796
HToZATo2L2B_609p21_216p52_1p50_ggH_TuneCP5_13TeV_pythia8 0.0 0.0 0.829363106 0.781849542 2.98512873418 3.28805504125 0.02436 0.01036 53.8964203 0.0132505068 8.8469362453 0.00611976113061
HToZATo2L2B_609p21_253p68_1p50_ggH_TuneCP5_13TeV_pythia8 0.0 0.0 0.8018098 0.717862356 2.98512873418 3.23878811277 0.02436 0.01178 46.400561 0.0164137799 7.61651335336 0.00647026959161
HToZATo2L2B_609p21_298p01_1p50_ggH_TuneCP5_13TeV_pythia8 0.0 0.0 0.753527692 0.579731653 2.98512873418 3.19146352841 0.02436 0.01344 37.3083252 0.0231828356 6.12405003201 0.00777921398611
HToZATo2L2B_609p21_351p22_1p50_ggH_TuneCP5_13TeV_pythia8 0.0 0.0 0.65973463 0.00444557807 2.98512873418 3.1445837744 0.02436 0.01538 27.0237911 3.45994968 4.43587450961 0.98512319344
HToZATo2L2B_609p21_417p76_1p50_ggH_TuneCP5_13TeV_pythia8 0.0 0.0 0.446241352 0.00238787485 2.98512873418 3.09730991523 0.02436 0.01775 16.6051768 7.43376632 2.72569012327 1.7794346802
HToZATo2L2B_609p21_505p93_1p50_ggH_TuneCP5_13TeV_pythia8 0.0 0.0 0.0241122347 0.00200872813 2.98512873418 3.04735201255 0.02436 0.02081 9.42245675 10.3599696 1.54666810295 2.04770810191
HToZATo2L2B_717p96_30p00_1p50_ggH_TuneCP5_13TeV_pythia8 0.0 0.0 0.903125503 0.920037726 2.94581138672 4.07803955121 0.02796 0.002088 127.355945 0.00226942515 17.7385850187 0.0075647505
HToZATo2L2B_717p96_34p86_1p50_ggH_TuneCP5_13TeV_pythia8 0.0 0.0 0.902956655 0.91963235 2.94581138672 3.99855750458 0.02796 0.002369 127.134127 0.00257626778 17.7076894256 0.00739032639128
HToZATo2L2B_717p96_40p51_1p50_ggH_TuneCP5_13TeV_pythia8 0.0 0.0 0.902727951 0.91854366 2.94581138672 3.92406865122 0.02796 0.002681 126.834905 0.00291848106 17.6660127305 0.00720434722291
HToZATo2L2B_717p96_47p08_1p50_ggH_TuneCP5_13TeV_pythia8 0.0 0.0 0.902417785 0.91675754 2.94581138672 3.8529497056 0.02796 0.003028 126.431347 0.00330319035 17.6098037495 0.00701612223874
HToZATo2L2B_717p96_54p71_1p50_ggH_TuneCP5_13TeV_pythia8 0.0 0.0 0.90199716 0.914201182 2.94581138672 3.7856267092 0.02796 0.003417 125.888158 0.00373790072 17.5341464706 0.00683220749406
HToZATo2L2B_717p96_63p58_1p50_ggH_TuneCP5_13TeV_pythia8 0.0 0.0 0.901425204 0.91073322 2.94581138672 3.72193715035 0.02796 0.003855 125.156987 0.00423246168 17.4323063959 0.00665690732935
HToZATo2L2B_717p96_73p89_1p50_ggH_TuneCP5_13TeV_pythia8 0.0 0.0 0.900645765 0.906139222 2.94581138672 3.66093239084 0.02796 0.004348 124.174147 0.00479825227 17.2954129757 0.00649377760184
HToZATo2L2B_717p96_85p86_1p50_ggH_TuneCP5_13TeV_pythia8 0.0 0.0 0.899581568 0.90011463 2.94581138672 3.60278390436 0.02796 0.004905 122.856905 0.00544881286 17.1119428659 0.0063461598649
HToZATo2L2B_717p96_99p78_1p50_ggH_TuneCP5_13TeV_pythia8 0.0 0.0 0.898120061 0.89220612 2.94581138672 3.54717431198 0.02796 0.005535 121.092781 0.0062035688 16.8662294557 0.00621724674283
HToZATo2L2B_717p96_116p19_1p50_ggH_TuneCP5_13TeV_pythia8 0.0 0.0 0.89607092 0.881621487 2.94581138672 3.49325963691 0.02796 0.006259 118.702999 0.00709957849 16.5333721934 0.00611031800499
HToZATo2L2B_717p96_135p31_1p50_ggH_TuneCP5_13TeV_pythia8 0.0 0.0 0.893205311 0.867479145 2.94581138672 3.44179407984 0.02796 0.007082 115.514994 0.008164392 16.0893356176 0.00603384228808
HToZATo2L2B_717p96_157p56_1p50_ggH_TuneCP5_13TeV_pythia8 0.0 0.0 0.889158575 0.848346416 2.94581138672 3.39252250763 0.02796 0.008018 111.294038 0.00945128684 15.5014259847 0.00599853188627
HToZATo2L2B_717p96_183p48_1p50_ggH_TuneCP5_13TeV_pythia8 0.0 0.0 0.88335038 0.823272524 2.94581138672 3.34155327863 0.02796 0.009063 105.748128 0.0110080703 14.7289720876 0.00599960229998
HToZATo2L2B_717p96_213p73_1p50_ggH_TuneCP5_13TeV_pythia8 0.0 0.0 0.874818988 0.785756214 2.94581138672 3.2918994589 0.02796 0.01025 98.5360038 0.0130468209 13.7244420023 0.00610434702662
HToZATo2L2B_717p96_249p34_1p50_ggH_TuneCP5_13TeV_pythia8 0.0 0.0 0.8617797 0.726431605 2.94581138672 3.24460042936 0.02796 0.01162 89.2347165 0.0159937667 12.4289259151 0.00641444080372
HToZATo2L2B_717p96_291p34_1p50_ggH_TuneCP5_13TeV_pythia8 0.0 0.0 0.840893509 0.612367071 2.94581138672 3.19768759391 0.02796 0.01319 77.5149384 0.0215442596 10.7965539027 0.00739488556326
HToZATo2L2B_717p96_341p02_1p50_ggH_TuneCP5_13TeV_pythia8 0.0 0.0 0.805105689 0.0979553552 2.94581138672 3.15267456149 0.02796 0.01501 63.2758608 0.15326173 8.81328497409 0.0449421529529
HToZATo2L2B_717p96_400p03_1p50_ggH_TuneCP5_13TeV_pythia8 0.0 0.0 0.737558718 0.00256122437 2.94581138672 3.10948471205 0.02796 0.01713 46.9877833 6.68633256 6.54462411555 1.67145778067
HToZATo2L2B_717p96_475p80_1p50_ggH_TuneCP5_13TeV_pythia8 0.0 0.0 0.577855875 0.00209170994 2.94581138672 3.06286489632 0.02796 0.01977 29.2116681 9.4534866 4.06870412001 1.98686141236
HToZATo2L2B_717p96_577p65_1p50_ggH_TuneCP5_13TeV_pythia8 0.0 0.0 0.158401583 0.00188748854 2.94581138672 3.01374571437 0.02796 0.02324 14.6525158 12.3149092 2.04085405872 2.13189806977
HToZATo2L2B_846p11_30p00_1p50_ggH_TuneCP5_13TeV_pythia8 0.0 0.0 0.924297897 0.920037726 2.90741792189 4.07803955121 0.0321 0.002088 206.82128 0.00226942515 24.4437815414 0.0075647505
HToZATo2L2B_846p11_34p93_1p50_ggH_TuneCP5_13TeV_pythia8 0.0 0.0 0.924200607 0.919622268 2.90741792189 3.99747868309 0.0321 0.002373 206.555472 0.00258059107 24.4123662408 0.00738789312912
HToZATo2L2B_846p11_40p68_1p50_ggH_TuneCP5_13TeV_pythia8 0.0 0.0 0.924068212 0.918503543 2.90741792189 3.92209938187 0.0321 0.00269 206.194845 0.00292859258 24.3697444777 0.00719909680433
HToZATo2L2B_846p11_47p37_1p50_ggH_TuneCP5_13TeV_pythia8 0.0 0.0 0.923888349 0.916668868 2.90741792189 3.85008678481 0.0321 0.003043 205.706938 0.00331991963 24.3120797532 0.0070084856027
HToZATo2L2B_846p11_55p16_1p50_ggH_TuneCP5_13TeV_pythia8 0.0 0.0 0.923643586 0.914037169 2.90741792189 3.78229292244 0.0321 0.00344 205.046679 0.00376323128 24.2340451005 0.00682239173314
HToZATo2L2B_846p11_64p24_1p50_ggH_TuneCP5_13TeV_pythia8 0.0 0.0 0.923309714 0.910456489 2.90741792189 3.71778813623 0.0321 0.003887 204.152848 0.00426892136 24.1284050537 0.00664526986301
HToZATo2L2B_846p11_74p80_1p50_ggH_TuneCP5_13TeV_pythia8 0.0 0.0 0.922854528 0.90570676 2.90741792189 3.65603644171 0.0321 0.004391 202.946723 0.00484788145 23.9858556216 0.00648112493316
HToZATo2L2B_846p11_87p10_1p50_ggH_TuneCP5_13TeV_pythia8 0.0 0.0 0.922231557 0.899449393 2.90741792189 3.59705307628 0.0321 0.004961 201.318932 0.00551603029 23.7934703526 0.00633298540758
HToZATo2L2B_846p11_101p43_1p50_ggH_TuneCP5_13TeV_pythia8 0.0 0.0 0.921375925 0.891204248 2.90741792189 3.54137034268 0.0321 0.005609 199.125321 0.00629321111 23.5342119819 0.00620448694666
HToZATo2L2B_846p11_118p11_1p50_ggH_TuneCP5_13TeV_pythia8 0.0 0.0 0.920196588 0.880291353 2.90741792189 3.48770503181 0.0321 0.006343 196.179031 0.00720527625 23.1859960289 0.00610047942596
HToZATo2L2B_846p11_137p54_1p50_ggH_TuneCP5_13TeV_pythia8 0.0 0.0 0.918559985 0.865696073 2.90741792189 3.4363633188 0.0321 0.007177 192.231959 0.00829069003 22.7194997104 0.00602783919587
HToZATo2L2B_846p11_160p17_1p50_ggH_TuneCP5_13TeV_pythia8 0.0 0.0 0.916270173 0.845897866 2.90741792189 3.38730036078 0.0321 0.008126 186.968849 0.00960674963 22.0974635686 0.00599784580758
HToZATo2L2B_846p11_186p51_1p50_ggH_TuneCP5_13TeV_pythia8 0.0 0.0 0.913031976 0.819871054 2.90741792189 3.33606029147 0.0321 0.009183 179.99964 0.0112006078 21.2737870962 0.00600536582489
HToZATo2L2B_846p11_217p19_1p50_ggH_TuneCP5_13TeV_pythia8 0.0 0.0 0.908376913 0.780895713 2.90741792189 3.28779008078 0.0321 0.01039 170.84527 0.0132999496 20.1918509414 0.00612364731341
HToZATo2L2B_846p11_252p91_1p50_ggH_TuneCP5_13TeV_pythia8 0.0 0.0 0.901540542 0.719405311 2.90741792189 3.23959610236 0.0321 0.01175 158.972195 0.0163380614 18.7885966364 0.00646002981298
HToZATo2L2B_846p11_294p51_1p50_ggH_TuneCP5_13TeV_pythia8 0.0 0.0 0.891187354 0.597794546 2.90741792189 3.1948612323 0.0321 0.01331 143.834734 0.0222658548 16.9995312666 0.00756030518488
HToZATo2L2B_846p11_345p53_1p50_ggH_TuneCP5_13TeV_pythia8 0.0 0.0 0.873789321 0.01603407 2.90741792189 3.14968931044 0.0321 0.01518 123.994967 0.946485276 14.6547100259 0.273922749399
HToZATo2L2B_846p11_405p40_1p50_ggH_TuneCP5_13TeV_pythia8 0.0 0.0 0.843661527 0.00250114543 2.90741792189 3.10587317827 0.0321 0.01732 100.089074 6.92287507 11.8293217194 1.70766528614
HToZATo2L2B_846p11_475p64_1p50_ggH_TuneCP5_13TeV_pythia8 0.0 0.0 0.786082115 0.00209223282 2.90741792189 3.06335726414 0.0321 0.01977 73.144617 9.44848211 8.6448117857 1.98647761122
HToZATo2L2B_846p11_558p06_1p50_ggH_TuneCP5_13TeV_pythia8 0.0 0.0 0.66020031 0.00191348788 2.90741792189 3.02235597392 0.0321 0.02258 46.0475458 11.8024169 5.44226469372 2.11490106799
HToZATo2L2B_846p11_654p75_1p50_ggH_TuneCP5_13TeV_pythia8 0.0 0.0 0.356603269 0.00181475459 2.90741792189 2.98369601751 0.0321 0.02582 24.3192745 14.2251865 2.87424501542 2.17261344024
HToZATo2L2B_997p14_30p00_1p50_ggH_TuneCP5_13TeV_pythia8 0.0 0.0 0.942680683 0.920037726 2.87060736461 4.07803955121 0.03688 0.002088 335.581204 0.00226942515 33.6543719036 0.0075647505
HToZATo2L2B_997p14_34p93_1p50_ggH_TuneCP5_13TeV_pythia8 0.0 0.0 0.942627171 0.919622268 2.87060736461 3.99747868309 0.03688 0.002373 335.267664 0.00258059107 33.622927974 0.00738789312912
HToZATo2L2B_997p14_40p68_1p50_ggH_TuneCP5_13TeV_pythia8 0.0 0.0 0.942554389 0.918503543 2.87060736461 3.92209938187 0.03688 0.00269 334.842148 0.00292859258 33.5802543274 0.00719909680433
HToZATo2L2B_997p14_47p37_1p50_ggH_TuneCP5_13TeV_pythia8 0.0 0.0 0.942455583 0.916668868 2.87060736461 3.85008678481 0.03688 0.003043 334.266215 0.00331991963 33.5224958381 0.0070084856027
HToZATo2L2B_997p14_55p16_1p50_ggH_TuneCP5_13TeV_pythia8 0.0 0.0 0.942321256 0.914037169 2.87060736461 3.78229292244 0.03688 0.00344 333.486399 0.00376323128 33.444290571 0.00682239173314
HToZATo2L2B_997p14_64p24_1p50_ggH_TuneCP5_13TeV_pythia8 0.0 0.0 0.942138266 0.910456489 2.87060736461 3.71778813623 0.03688 0.003887 332.429918 0.00426892136 33.3383394508 0.00664526986301
HToZATo2L2B_997p14_74p80_1p50_ggH_TuneCP5_13TeV_pythia8 0.0 0.0 0.941889232 0.90570676 2.87060736461 3.65603644171 0.03688 0.004391 331.002846 0.00484788145 33.1952229376 0.00648112493316
HToZATo2L2B_997p14_87p10_1p50_ggH_TuneCP5_13TeV_pythia8 0.0 0.0 0.941549229 0.899449393 2.87060736461 3.59705307628 0.03688 0.004961 329.074162 0.00551603029 33.0018013519 0.00633298540758
HToZATo2L2B_997p14_101p43_1p50_ggH_TuneCP5_13TeV_pythia8 0.0 0.0 0.941083789 0.891204248 2.87060736461 3.54137034268 0.03688 0.005609 326.470099 0.00629321111 32.7406481537 0.00620448694666
HToZATo2L2B_997p14_118p11_1p50_ggH_TuneCP5_13TeV_pythia8 0.0 0.0 0.940445149 0.880291353 2.87060736461 3.48770503181 0.03688 0.006343 322.963385 0.00720527625 32.3889709569 0.00610047942596
HToZATo2L2B_997p14_137p54_1p50_ggH_TuneCP5_13TeV_pythia8 0.0 0.0 0.939564327 0.865696073 2.87060736461 3.4363633188 0.03688 0.007177 318.248716 0.00829069003 31.9161517941 0.00602783919587
HToZATo2L2B_997p14_160p17_1p50_ggH_TuneCP5_13TeV_pythia8 0.0 0.0 0.938342284 0.845897866 2.87060736461 3.38730036078 0.03688 0.008126 311.931153 0.00960674963 31.2825834888 0.00599784580758
HToZATo2L2B_997p14_186p51_1p50_ggH_TuneCP5_13TeV_pythia8 0.0 0.0 0.936633952 0.819871054 2.87060736461 3.33606029147 0.03688 0.009183 303.508833 0.0112006078 30.4379357964 0.00600536582489
HToZATo2L2B_997p14_217p19_1p50_ggH_TuneCP5_13TeV_pythia8 0.0 0.0 0.93421692 0.780895713 2.87060736461 3.28779008078 0.03688 0.01039 292.341163 0.0132999496 29.3179656819 0.00612364731341
HToZATo2L2B_997p14_254p82_1p50_ggH_TuneCP5_13TeV_pythia8 0.0 0.0 0.930536936 0.715559746 2.87060736461 3.23839374837 0.03688 0.01183 276.833086 0.0165268692 27.7627099505 0.00648570331999
HToZATo2L2B_997p14_298p97_1p50_ggH_TuneCP5_13TeV_pythia8 0.0 0.0 0.92502132 0.574399767 2.87060736461 3.19109642339 0.03688 0.01348 256.444418 0.0234597613 25.7179952665 0.00784686132388
HToZATo2L2B_997p14_350p77_1p50_ggH_TuneCP5_13TeV_pythia8 0.0 0.0 0.916463316 0.00451806798 2.87060736461 3.14558740871 0.03688 0.01537 230.146224 3.40084405 23.0806330104 0.969536747726
HToZATo2L2B_997p14_411p54_1p50_ggH_TuneCP5_13TeV_pythia8 0.0 0.0 0.902505125 0.00244109389 2.87060736461 3.10123331056 0.03688 0.01753 197.170343 7.18195731 19.7735867581 1.74514198134
HToZATo2L2B_997p14_482p85_1p50_ggH_TuneCP5_13TeV_pythia8 0.0 0.0 0.877999347 0.00206965074 2.87060736461 3.05957129492 0.03688 0.02002 157.54218 9.67180305 15.7994042963 2.00306576577
HToZATo2L2B_997p14_566p51_1p50_ggH_TuneCP5_13TeV_pythia8 0.0 0.0 0.83001343 0.00190177183 2.87060736461 3.01891809845 0.03688 0.02287 113.062497 12.0251289 11.33867832 2.12266842598
HToZATo2L2B_997p14_664p66_1p50_ggH_TuneCP5_13TeV_pythia8 0.0 0.0 0.719997483 0.00180780424 2.87060736461 2.97964225233 0.03688 0.02614 68.6390475 14.4609815 6.88359182261 2.17569607017
HToZATo2L2B_997p14_779p83_1p50_ggH_TuneCP5_13TeV_pythia8 0.0 0.0 0.424837603 0.00174986824 2.87060736461 2.94199860586 0.03688 0.0299 33.4150948 17.088426 3.35109360772 2.19130143749
