DatasetName  Sushi_xsc@NNLO[pb]  Sushi_xsc_err[pb]  BR(H -> ZA )  BR(A  -> bb)  Ymb,H[GeV]  Ymb,A[GeV]  Partialwidth(H ->bb)[GeV]  Partialwidth(A ->bb)[GeV]  Totalwidth,H[GeV]  Totalwidth,A[GeV]  TotalWidth_H/Mass_H [%]  TotalWidth_A/Mass_A [%]
HToZATo2L2B_200p00_50p00_20p00_bbH4F_TuneCP5_13TeV-amcatnlo_pythia8 0.0 0.0 0.317062281 0.926909733 3.30319601421 3.81320185844 1.714 0.5614 2.75653316 0.605689319 1.37826658 1.211378638
HToZATo2L2B_200p00_100p00_20p00_bbH4F_TuneCP5_13TeV-amcatnlo_pythia8 0.0 0.0 0.0339827926 0.919676902 3.30319601421 3.53533599898 1.714 0.9796 1.94867485 1.06516277 0.974337425 1.06516277
HToZATo2L2B_250p00_50p00_20p00_bbH4F_TuneCP5_13TeV-amcatnlo_pythia8 0.0 0.0 0.549563766 0.926909733 3.23371006267 3.81320185844 2.056 0.5614 5.03148669 0.605689319 2.012594676 1.211378638
HToZATo2L2B_250p00_100p00_20p00_bbH4F_TuneCP5_13TeV-amcatnlo_pythia8 0.0 0.0 0.376575767 0.919676902 3.23371006267 3.53533599898 2.056 0.9796 3.63514289 1.06516277 1.454057156 1.06516277
HToZATo2L2B_300p00_50p00_20p00_bbH4F_TuneCP5_13TeV-amcatnlo_pythia8 0.0 0.0 0.691296215 0.926909733 3.17958705667 3.81320185844 2.387 0.5614 8.5555236 0.605689319 2.8518412 1.211378638
HToZATo2L2B_300p00_100p00_20p00_bbH4F_TuneCP5_13TeV-amcatnlo_pythia8 0.0 0.0 0.605249467 0.919676902 3.17958705667 3.53533599898 2.387 0.9796 6.69017389 1.06516277 2.23005796333 1.06516277
HToZATo2L2B_300p00_200p00_20p00_bbH4F_TuneCP5_13TeV-amcatnlo_pythia8 0.0 0.0 0.0364367498 0.910662439 3.17958705667 3.30260545799 2.387 1.716 2.74060883 1.88485895 0.913536276667 0.942429475
HToZATo2L2B_500p00_50p00_20p00_bbH4F_TuneCP5_13TeV-amcatnlo_pythia8 0.0 0.0 0.897378491 0.926909733 3.04022720076 3.81320185844 3.641 0.5614 39.9404674 0.605689319 7.98809348 1.211378638
HToZATo2L2B_500p00_100p00_20p00_bbH4F_TuneCP5_13TeV-amcatnlo_pythia8 0.0 0.0 0.887533939 0.919676902 3.04022720076 3.53533599898 3.641 0.9796 36.4413235 1.06516277 7.2882647 1.06516277
HToZATo2L2B_500p00_200p00_20p00_bbH4F_TuneCP5_13TeV-amcatnlo_pythia8 0.0 0.0 0.833338021 0.910662439 3.04022720076 3.30260545799 3.641 1.716 24.585032 1.88485895 4.9170064 0.942429475
HToZATo2L2B_500p00_300p00_20p00_bbH4F_TuneCP5_13TeV-amcatnlo_pythia8 0.0 0.0 0.644675521 0.904626509 3.04022720076 3.17930627326 3.641 2.387 11.5298025 2.63891703 2.3059605 0.87963901
HToZATo2L2B_500p00_400p00_20p00_bbH4F_TuneCP5_13TeV-amcatnlo_pythia8 0.0 0.0 0.0308266499 0.890100831 3.04022720076 3.099190929 3.641 3.025 4.22712929 3.39831672 0.845425858 0.84957918
HToZATo2L2B_650p00_50p00_20p00_bbH4F_TuneCP5_13TeV-amcatnlo_pythia8 0.0 0.0 0.941680539 0.926909733 2.97518010103 3.81320185844 4.534 0.5614 88.4660655 0.605689319 13.6101639231 1.211378638
HToZATo2L2B_800p00_50p00_20p00_bbH4F_TuneCP5_13TeV-amcatnlo_pythia8 0.0 0.0 0.9625733 0.926909733 2.92627730003 3.81320185844 5.399 0.5614 165.782846 0.605689319 20.72285575 1.211378638
HToZATo2L2B_800p00_100p00_20p00_bbH4F_TuneCP5_13TeV-amcatnlo_pythia8 0.0 0.0 0.96122252 0.919676902 2.92627730003 3.53533599898 5.399 0.9796 159.993203 1.06516277 19.999150375 1.06516277
HToZATo2L2B_800p00_200p00_20p00_bbH4F_TuneCP5_13TeV-amcatnlo_pythia8 0.0 0.0 0.955122442 0.910662439 2.92627730003 3.30260545799 5.399 1.716 138.199803 1.88485895 17.274975375 0.942429475
HToZATo2L2B_800p00_400p00_20p00_bbH4F_TuneCP5_13TeV-amcatnlo_pythia8 0.0 0.0 0.912791623 0.890100831 2.92627730003 3.099190929 5.399 3.025 71.0539474 3.39831672 8.881743425 0.84957918
HToZATo2L2B_800p00_700p00_20p00_bbH4F_TuneCP5_13TeV-amcatnlo_pythia8 0.0 0.0 0.0234433292 0.876317523 2.92627730003 2.95757627486 5.399 4.822 6.3452533 5.50273271 0.7931566625 0.786104672857
HToZATo2L2B_1000p00_50p00_20p00_bbH4F_TuneCP5_13TeV-amcatnlo_pythia8 0.0 0.0 0.976645138 0.926909733 2.8761389504 3.81320185844 6.52 0.5614 325.151435 0.605689319 32.5151435 1.211378638
HToZATo2L2B_1000p00_200p00_20p00_bbH4F_TuneCP5_13TeV-amcatnlo_pythia8 0.0 0.0 0.973807772 0.910662439 2.8761389504 3.30260545799 6.52 1.716 289.797114 1.88485895 28.9797114 0.942429475
HToZATo2L2B_1000p00_500p00_20p00_bbH4F_TuneCP5_13TeV-amcatnlo_pythia8 0.0 0.0 0.945259676 0.883817846 2.8761389504 3.04058859899 6.52 3.64 138.430013 4.11824859 13.8430013 0.823649718
HToZATo2L2B_132p00_30p00_20p00_bbH4F_TuneCP5_13TeV-amcatnlo_pythia8 0.0 0.0 0.0239484829 0.929929959 3.43985771775 4.06373252717 1.221 0.3686 1.36529136 0.396343049 1.03431163636 1.32114349667
HToZATo2L2B_132p00_37p34_20p00_bbH4F_TuneCP5_13TeV-amcatnlo_pythia8 0.0 0.0 0.00507332278 0.929017621 3.43985771775 3.95067973986 1.221 0.4428 1.33938476 0.47661735 1.01468542424 1.27642568291
HToZATo2L2B_143p44_30p00_20p00_bbH4F_TuneCP5_13TeV-amcatnlo_pythia8 0.0 0.0 0.0713136385 0.929929959 3.41183941681 4.06373252717 1.307 0.3686 1.53832909 0.396343049 1.07245474763 1.32114349667
HToZATo2L2B_143p44_37p34_20p00_bbH4F_TuneCP5_13TeV-amcatnlo_pythia8 0.0 0.0 0.0451052512 0.929017621 3.41183941681 3.95067973986 1.307 0.4428 1.49610155 0.47661735 1.04301558143 1.27642568291
HToZATo2L2B_143p44_46p48_20p00_bbH4F_TuneCP5_13TeV-amcatnlo_pythia8 0.0 0.0 0.0127158017 0.927510003 3.41183941681 3.84634837719 1.307 0.5293 1.44701154 0.570670765 1.0087922058 1.22777703313
HToZATo2L2B_157p77_30p00_20p00_bbH4F_TuneCP5_13TeV-amcatnlo_pythia8 0.0 0.0 0.146173609 0.929929959 3.38175045407 4.06373252717 1.414 0.3686 1.81219891 0.396343049 1.14863339672 1.32114349667
HToZATo2L2B_157p77_37p34_20p00_bbH4F_TuneCP5_13TeV-amcatnlo_pythia8 0.0 0.0 0.118870929 0.929017621 3.38175045407 3.95067973986 1.414 0.4428 1.75603867 0.47661735 1.11303712366 1.27642568291
HToZATo2L2B_157p77_46p48_20p00_bbH4F_TuneCP5_13TeV-amcatnlo_pythia8 0.0 0.0 0.0788572167 0.927510003 3.38175045407 3.84634837719 1.414 0.5293 1.67974776 0.570670765 1.06468134626 1.22777703313
HToZATo2L2B_157p77_57p85_20p00_bbH4F_TuneCP5_13TeV-amcatnlo_pythia8 0.0 0.0 0.0267273488 0.925594522 3.38175045407 3.74933810477 1.414 0.6312 1.5897656 0.68198267 1.00764758826 1.17888101988
HToZATo2L2B_173p52_30p00_20p00_bbH4F_TuneCP5_13TeV-amcatnlo_pythia8 0.0 0.0 0.235280062 0.929929959 3.34925988793 4.06373252717 1.527 0.3686 2.1887846 0.396343049 1.26140191332 1.32114349667
HToZATo2L2B_173p52_37p34_20p00_bbH4F_TuneCP5_13TeV-amcatnlo_pythia8 0.0 0.0 0.210614474 0.929017621 3.34925988793 3.95067973986 1.527 0.4428 2.12038322 0.47661735 1.22198203089 1.27642568291
HToZATo2L2B_173p52_46p48_20p00_bbH4F_TuneCP5_13TeV-amcatnlo_pythia8 0.0 0.0 0.172462802 0.927510003 3.34925988793 3.84634837719 1.527 0.5293 2.02261508 0.570670765 1.16563801291 1.22777703313
HToZATo2L2B_173p52_57p85_20p00_bbH4F_TuneCP5_13TeV-amcatnlo_pythia8 0.0 0.0 0.115066726 0.925594522 3.34925988793 3.74933810477 1.527 0.6312 1.89141351 0.68198267 1.09002622752 1.17888101988
HToZATo2L2B_173p52_72p01_20p00_bbH4F_TuneCP5_13TeV-amcatnlo_pythia8 0.0 0.0 0.0379418052 0.923383588 3.34925988793 3.6594819253 1.527 0.7524 1.73976655 0.814807769 1.00263171392 1.13152030135
HToZATo2L2B_190p85_30p00_20p00_bbH4F_TuneCP5_13TeV-amcatnlo_pythia8 0.0 0.0 0.330436435 0.929929959 3.3183492707 4.06373252717 1.65 0.3686 2.70463216 0.396343049 1.4171507257 1.32114349667
HToZATo2L2B_190p85_37p34_20p00_bbH4F_TuneCP5_13TeV-amcatnlo_pythia8 0.0 0.0 0.310008935 0.929017621 3.3183492707 3.95067973986 1.65 0.4428 2.62454822 0.47661735 1.37518900707 1.27642568291
HToZATo2L2B_190p85_46p48_20p00_bbH4F_TuneCP5_13TeV-amcatnlo_pythia8 0.0 0.0 0.277707168 0.927510003 3.3183492707 3.84634837719 1.65 0.5293 2.50715861 0.570670765 1.31368017291 1.22777703313
HToZATo2L2B_190p85_57p85_20p00_bbH4F_TuneCP5_13TeV-amcatnlo_pythia8 0.0 0.0 0.226629196 0.925594522 3.3183492707 3.74933810477 1.65 0.6312 2.34154915 0.68198267 1.2269055017 1.17888101988
HToZATo2L2B_190p85_71p28_20p00_bbH4F_TuneCP5_13TeV-amcatnlo_pythia8 0.0 0.0 0.151823908 0.923491804 3.3183492707 3.66367306038 1.65 0.7463 2.13501035 0.808083279 1.11868501441 1.13367463384
HToZATo2L2B_190p85_86p78_20p00_bbH4F_TuneCP5_13TeV-amcatnlo_pythia8 0.0 0.0 0.055977373 0.921325342 3.3183492707 3.58735773811 1.65 0.8739 1.91821846 0.948559854 1.00509219806 1.09306274948
HToZATo2L2B_209p90_30p00_20p00_bbH4F_TuneCP5_13TeV-amcatnlo_pythia8 0.0 0.0 0.424553789 0.929929959 3.28712641322 4.06373252717 1.782 0.3686 3.40527023 0.396343049 1.62232979038 1.32114349667
HToZATo2L2B_209p90_37p34_20p00_bbH4F_TuneCP5_13TeV-amcatnlo_pythia8 0.0 0.0 0.408622088 0.929017621 3.28712641322 3.95067973986 1.782 0.4428 3.31351657 0.47661735 1.5786167556 1.27642568291
HToZATo2L2B_209p90_46p48_20p00_bbH4F_TuneCP5_13TeV-amcatnlo_pythia8 0.0 0.0 0.383213598 0.927510003 3.28712641322 3.84634837719 1.782 0.5293 3.17699408 0.570670765 1.51357507384 1.22777703313
HToZATo2L2B_209p90_57p71_20p00_bbH4F_TuneCP5_13TeV-amcatnlo_pythia8 0.0 0.0 0.342833298 0.92561751 3.28712641322 3.75041629137 1.782 0.63 2.98175089 0.680641062 1.4205578323 1.17941615318
HToZATo2L2B_209p90_71p15_20p00_bbH4F_TuneCP5_13TeV-amcatnlo_pythia8 0.0 0.0 0.280111772 0.923511142 3.28712641322 3.66437685122 1.782 0.7452 2.72192568 0.806884513 1.29677259647 1.13406115671
HToZATo2L2B_209p90_86p79_20p00_bbH4F_TuneCP5_13TeV-amcatnlo_pythia8 0.0 0.0 0.187370975 0.92132403 3.28712641322 3.58733864542 1.782 0.874 2.41125159 0.94864907 1.14876207242 1.09303960134
HToZATo2L2B_209p90_104p53_20p00_bbH4F_TuneCP5_13TeV-amcatnlo_pythia8 0.0 0.0 0.0677068794 0.919149189 3.28712641322 3.51908383967 1.782 1.015 2.10172046 1.10455598 1.00129607432 1.05668801301
HToZATo2L2B_230p77_30p00_20p00_bbH4F_TuneCP5_13TeV-amcatnlo_pythia8 0.0 0.0 0.512392629 0.929929959 3.25824323955 4.06373252717 1.926 0.3686 4.34812631 0.396343049 1.88418178706 1.32114349667
HToZATo2L2B_230p77_37p10_20p00_bbH4F_TuneCP5_13TeV-amcatnlo_pythia8 0.0 0.0 0.500914622 0.929054171 3.25824323955 3.95381527259 1.926 0.4404 4.24810758 0.474072415 1.84084048187 1.27782322102
HToZATo2L2B_230p77_45p88_20p00_bbH4F_TuneCP5_13TeV-amcatnlo_pythia8 0.0 0.0 0.482841513 0.92761228 3.25824323955 3.85257943126 1.926 0.5238 4.09962061 0.564643588 1.77649634268 1.23069657367
HToZATo2L2B_230p77_56p73_20p00_bbH4F_TuneCP5_13TeV-amcatnlo_pythia8 0.0 0.0 0.454005821 0.925778975 3.25824323955 3.75785883138 1.926 0.6214 3.88306773 0.671231865 1.68265707414 1.18320441565
HToZATo2L2B_230p77_69p78_20p00_bbH4F_TuneCP5_13TeV-amcatnlo_pythia8 0.0 0.0 0.408566324 0.923716151 3.25824323955 3.6720650641 1.926 0.7336 3.58468579 0.794227903 1.55335866447 1.13818845371
HToZATo2L2B_230p77_85p09_20p00_bbH4F_TuneCP5_13TeV-amcatnlo_pythia8 0.0 0.0 0.338079115 0.921548654 3.25824323955 3.59473919296 1.926 0.8602 3.20290372 0.933458442 1.38792031893 1.09702484663
HToZATo2L2B_230p77_102p72_20p00_bbH4F_TuneCP5_13TeV-amcatnlo_pythia8 0.0 0.0 0.23196399 0.919357913 3.25824323955 3.52563402893 1.926 1.001 2.76032649 1.08884783 1.19613749188 1.06001541083
HToZATo2L2B_230p77_123p89_20p00_bbH4F_TuneCP5_13TeV-amcatnlo_pythia8 0.0 0.0 0.0807670821 0.917077356 3.25824323955 3.46090265548 1.926 1.165 2.30626713 1.27019366 0.999379091736 1.02525922996
HToZATo2L2B_261p40_30p00_20p00_bbH4F_TuneCP5_13TeV-amcatnlo_pythia8 0.0 0.0 0.614245463 0.929929959 3.21998642401 4.06373252717 2.132 0.3686 6.09916978 0.396343049 2.33327076511 1.32114349667
HToZATo2L2B_261p40_37p10_20p00_bbH4F_TuneCP5_13TeV-amcatnlo_pythia8 0.0 0.0 0.606762131 0.929054171 3.21998642401 3.95381527259 2.132 0.4404 5.98307287 0.474072415 2.28885725708 1.27782322102
HToZATo2L2B_261p40_45p88_20p00_bbH4F_TuneCP5_13TeV-amcatnlo_pythia8 0.0 0.0 0.595001328 0.92761228 3.21998642401 3.85257943126 2.132 0.5238 5.80928731 0.564643588 2.2223746404 1.23069657367
HToZATo2L2B_261p40_56p73_20p00_bbH4F_TuneCP5_13TeV-amcatnlo_pythia8 0.0 0.0 0.576270602 0.925778975 3.21998642401 3.75785883138 2.132 0.6214 5.55243189 0.671231865 2.12411319434 1.18320441565
HToZATo2L2B_261p40_69p66_20p00_bbH4F_TuneCP5_13TeV-amcatnlo_pythia8 0.0 0.0 0.547055299 0.923734214 3.21998642401 3.67253047119 2.132 0.7326 5.19422023 0.793117228 1.98707736419 1.13855473442
HToZATo2L2B_261p40_85p10_20p00_bbH4F_TuneCP5_13TeV-amcatnlo_pythia8 0.0 0.0 0.500501023 0.921547323 3.21998642401 3.59483716434 2.132 0.8603 4.7100199 0.933547941 1.80184387911 1.09700110576
HToZATo2L2B_261p40_102p99_20p00_bbH4F_TuneCP5_13TeV-amcatnlo_pythia8 0.0 0.0 0.427005492 0.9193266 3.21998642401 3.52447886909 2.132 1.003 4.10579465 1.09119368 1.57069420428 1.05951420526
HToZATo2L2B_261p40_124p53_20p00_bbH4F_TuneCP5_13TeV-amcatnlo_pythia8 0.0 0.0 0.304545895 0.917013454 3.21998642401 3.45924001092 2.132 1.17 3.38273728 1.27560147 1.29408465187 1.02433266683
HToZATo2L2B_261p40_150p50_20p00_bbH4F_TuneCP5_13TeV-amcatnlo_pythia8 0.0 0.0 0.112884629 0.914626927 3.21998642401 3.39718131 2.132 1.365 2.65186702 1.49195266 1.01448623565 0.991330671096
HToZATo2L2B_296p10_30p00_20p00_bbH4F_TuneCP5_13TeV-amcatnlo_pythia8 0.0 0.0 0.698793801 0.929929959 3.18304239474 4.06373252717 2.361 0.3686 8.67263719 0.396343049 2.92895548463 1.32114349667
HToZATo2L2B_296p10_36p79_20p00_bbH4F_TuneCP5_13TeV-amcatnlo_pythia8 0.0 0.0 0.694310243 0.929100964 3.18304239474 3.95809244184 2.361 0.4374 8.54539403 0.470778407 2.8859824485 1.27963687687
HToZATo2L2B_296p10_45p12_20p00_bbH4F_TuneCP5_13TeV-amcatnlo_pythia8 0.0 0.0 0.687413238 0.927741633 3.18304239474 3.86008341738 2.361 0.5167 8.3567864 0.556983127 2.82228517393 1.23444841977
HToZATo2L2B_296p10_55p33_20p00_bbH4F_TuneCP5_13TeV-amcatnlo_pythia8 0.0 0.0 0.676694554 0.926011242 3.18304239474 3.76893050546 2.361 0.6091 8.07964661 0.657734213 2.728688487 1.18874789987
HToZATo2L2B_296p10_67p65_20p00_bbH4F_TuneCP5_13TeV-amcatnlo_pythia8 0.0 0.0 0.660055294 0.924039326 3.18304239474 3.68435761876 2.361 0.7156 7.68406088 0.774462535 2.59508979399 1.14480788618
HToZATo2L2B_296p10_82p40_20p00_bbH4F_TuneCP5_13TeV-amcatnlo_pythia8 0.0 0.0 0.633923292 0.921910386 3.18304239474 3.60705574602 2.361 0.8383 7.13540253 0.909320409 2.40979484296 1.10354418568
HToZATo2L2B_296p10_99p90_20p00_bbH4F_TuneCP5_13TeV-amcatnlo_pythia8 0.0 0.0 0.592136364 0.919688754 3.18304239474 3.53558996863 2.361 0.9788 6.40419789 1.06429014 2.16284967579 1.0653554955
HToZATo2L2B_296p10_120p82_20p00_bbH4F_TuneCP5_13TeV-amcatnlo_pythia8 0.0 0.0 0.522199716 0.917387703 3.18304239474 3.4685635301 2.361 1.141 5.46663851 1.24419658 1.84621361364 1.02979356067
HToZATo2L2B_296p10_145p93_20p00_bbH4F_TuneCP5_13TeV-amcatnlo_pythia8 0.0 0.0 0.399430815 0.91502004 3.18304239474 3.40686659183 2.361 1.331 4.34899253 1.45428636 1.46875803107 0.996564352772
HToZATo2L2B_296p10_176p02_20p00_bbH4F_TuneCP5_13TeV-amcatnlo_pythia8 0.0 0.0 0.186596267 0.912497383 3.18304239474 3.34530657379 2.361 1.549 3.21101539 1.69703443 1.08443613306 0.964114549483
HToZATo2L2B_335p40_30p00_20p00_bbH4F_TuneCP5_13TeV-amcatnlo_pythia8 0.0 0.0 0.76677844 0.929929959 3.14752947337 4.06373252717 2.616 0.3686 12.4416747 0.396343049 3.70950348837 1.32114349667
HToZATo2L2B_335p40_36p79_20p00_bbH4F_TuneCP5_13TeV-amcatnlo_pythia8 0.0 0.0 0.764016365 0.929100964 3.14752947337 3.95809244184 2.616 0.4374 12.2959895 0.470778407 3.66606723315 1.27963687687
HToZATo2L2B_335p40_45p12_20p00_bbH4F_TuneCP5_13TeV-amcatnlo_pythia8 0.0 0.0 0.759783734 0.927741633 3.14752947337 3.86008341738 2.616 0.5167 12.079244 0.556983127 3.60144424568 1.23444841977
HToZATo2L2B_335p40_55p33_20p00_bbH4F_TuneCP5_13TeV-amcatnlo_pythia8 0.0 0.0 0.753243056 0.926011242 3.14752947337 3.76893050546 2.616 0.6091 11.7589378 0.657734213 3.5059444842 1.18874789987
HToZATo2L2B_335p40_67p54_20p00_bbH4F_TuneCP5_13TeV-amcatnlo_pythia8 0.0 0.0 0.743274368 0.924056162 3.14752947337 3.68525976049 2.616 0.7147 11.3021652 0.773438809 3.36975706619 1.14515666124
HToZATo2L2B_335p40_82p14_20p00_bbH4F_TuneCP5_13TeV-amcatnlo_pythia8 0.0 0.0 0.727853398 0.921945765 3.14752947337 3.60828255286 2.616 0.8362 10.6615148 0.906980609 3.17874621348 1.10418871317
HToZATo2L2B_335p40_99p61_20p00_bbH4F_TuneCP5_13TeV-amcatnlo_pythia8 0.0 0.0 0.703390429 0.919723175 3.14752947337 3.5366730549 2.616 0.9765 9.78193266 1.06175874 2.91649751342 1.06591581167
HToZATo2L2B_335p40_120p39_20p00_bbH4F_TuneCP5_13TeV-amcatnlo_pythia8 0.0 0.0 0.663392418 0.917431684 3.14752947337 3.47019591879 2.616 1.138 8.61927855 1.24054772 2.56985049195 1.03044083396
HToZATo2L2B_335p40_145p06_20p00_bbH4F_TuneCP5_13TeV-amcatnlo_pythia8 0.0 0.0 0.594737085 0.915096079 3.14752947337 3.40810795249 2.616 1.324 7.15880632 1.44709742 2.13440856291 0.99758542672
HToZATo2L2B_335p40_174p55_20p00_bbH4F_TuneCP5_13TeV-amcatnlo_pythia8 0.0 0.0 0.468327279 0.91261708 3.14752947337 3.34744236671 2.616 1.538 5.45650906 1.68540636 1.62686614788 0.965572248639
HToZATo2L2B_335p40_209p73_20p00_bbH4F_TuneCP5_13TeV-amcatnlo_pythia8 0.0 0.0 0.231319872 0.909974668 3.14752947337 3.28821154326 2.616 1.784 3.77410176 1.96014657 1.12525395349 0.934604763267
HToZATo2L2B_379p00_30p00_20p00_bbH4F_TuneCP5_13TeV-amcatnlo_pythia8 0.0 0.0 0.819261756 0.929929959 3.1138852825 4.06373252717 2.894 0.3686 17.8267935 0.396343049 4.70363944591 1.32114349667
HToZATo2L2B_379p00_36p63_20p00_bbH4F_TuneCP5_13TeV-amcatnlo_pythia8 0.0 0.0 0.817609836 0.929124924 3.1138852825 3.96034999567 2.894 0.4358 17.665247 0.46907523 4.66101503958 1.28057665848
HToZATo2L2B_379p00_44p72_20p00_bbH4F_TuneCP5_13TeV-amcatnlo_pythia8 0.0 0.0 0.815113068 0.92780959 3.1138852825 3.86429843958 2.894 0.513 17.4265625 0.552939307 4.59803759894 1.23644746646
HToZATo2L2B_379p00_54p59_20p00_bbH4F_TuneCP5_13TeV-amcatnlo_pythia8 0.0 0.0 0.811313418 0.926134729 3.1138852825 3.77445178834 2.894 0.6025 17.0754548 0.650572237 4.50539704485 1.19174251145
HToZATo2L2B_379p00_66p57_20p00_bbH4F_TuneCP5_13TeV-amcatnlo_pythia8 0.0 0.0 0.805503074 0.924205253 3.1138852825 3.69112259022 2.894 0.7065 16.5650928 0.7643984 4.37073688654 1.14826258074
HToZATo2L2B_379p00_80p99_20p00_bbH4F_TuneCP5_13TeV-amcatnlo_pythia8 0.0 0.0 0.796570453 0.922103139 3.1138852825 3.61359749267 2.894 0.8268 15.8373755 0.896616842 4.17872704485 1.10707104828
HToZATo2L2B_379p00_98p26_20p00_bbH4F_TuneCP5_13TeV-amcatnlo_pythia8 0.0 0.0 0.78263267 0.919884404 3.1138852825 3.54156254457 2.894 0.9658 14.8214341 1.04995974 3.91066862797 1.06855255445
HToZATo2L2B_379p00_118p81_20p00_bbH4F_TuneCP5_13TeV-amcatnlo_pythia8 0.0 0.0 0.760384189 0.917594393 3.1138852825 3.47487662419 2.894 1.126 13.4447411 1.22712395 3.54742509235 1.03284567797
HToZATo2L2B_379p00_143p08_20p00_bbH4F_TuneCP5_13TeV-amcatnlo_pythia8 0.0 0.0 0.723614973 0.915270603 3.1138852825 3.41232033812 2.894 1.309 11.6555616 1.43071399 3.0753460686 0.999939886777
HToZATo2L2B_379p00_171p71_20p00_bbH4F_TuneCP5_13TeV-amcatnlo_pythia8 0.0 0.0 0.659134441 0.912928807 3.1138852825 3.3553068513 2.894 1.52 9.4502203 1.66480583 2.49346182058 0.969545064353
HToZATo2L2B_379p00_205p76_20p00_bbH4F_TuneCP5_13TeV-amcatnlo_pythia8 0.0 0.0 0.535408195 0.910251679 3.1138852825 3.29364319901 2.894 1.756 6.93323319 1.92948815 1.82934912665 0.937737242418
HToZATo2L2B_379p00_246p30_20p00_bbH4F_TuneCP5_13TeV-amcatnlo_pythia8 0.0 0.0 0.284135349 0.907609334 3.1138852825 3.23780254816 2.894 2.032 4.49962618 2.23905238 1.1872364591 0.909075265936
HToZATo2L2B_442p63_30p00_20p00_bbH4F_TuneCP5_13TeV-amcatnlo_pythia8 0.0 0.0 0.869661276 0.929929959 3.07226490472 4.06373252717 3.291 0.3686 28.2806226 0.396343049 6.38922409236 1.32114349667
HToZATo2L2B_442p63_36p64_20p00_bbH4F_TuneCP5_13TeV-amcatnlo_pythia8 0.0 0.0 0.868779563 0.92912343 3.07226490472 3.95977610219 3.291 0.4359 28.0904518 0.469181739 6.34626026252 1.28051784662
HToZATo2L2B_442p63_44p76_20p00_bbH4F_TuneCP5_13TeV-amcatnlo_pythia8 0.0 0.0 0.86744807 0.927802799 3.07226490472 3.86384789805 3.291 0.5134 27.8080702 0.553344067 6.28246395409 1.23624679848
HToZATo2L2B_442p63_54p67_20p00_bbH4F_TuneCP5_13TeV-amcatnlo_pythia8 0.0 0.0 0.865430482 0.926121356 3.07226490472 3.77382385124 3.291 0.6032 27.3908407 0.651347443 6.18820249418 1.19141657765
HToZATo2L2B_442p63_66p49_20p00_bbH4F_TuneCP5_13TeV-amcatnlo_pythia8 0.0 0.0 0.862426757 0.924217599 3.07226490472 3.69161643977 3.291 0.7058 26.7923735 0.763651747 6.05299539118 1.14852120168
HToZATo2L2B_442p63_80p03_20p00_bbH4F_TuneCP5_13TeV-amcatnlo_pythia8 0.0 0.0 0.858121137 0.922235634 3.07226490472 3.61818212678 3.291 0.8189 25.978747 0.887946765 5.86917899826 1.10951738723
HToZATo2L2B_442p63_95p27_20p00_bbH4F_TuneCP5_13TeV-amcatnlo_pythia8 0.0 0.0 0.852044548 0.920247444 3.07226490472 3.55284803021 3.291 0.9421 24.9111039 1.02373749 5.62797458374 1.07456438543
HToZATo2L2B_442p63_113p53_20p00_bbH4F_TuneCP5_13TeV-amcatnlo_pythia8 0.0 0.0 0.842780364 0.918151101 3.07226490472 3.49002705426 3.291 1.085 23.4423481 1.18207324 5.29614985428 1.04119901348
HToZATo2L2B_442p63_135p44_20p00_bbH4F_TuneCP5_13TeV-amcatnlo_pythia8 0.0 0.0 0.828193534 0.915963951 3.07226490472 3.43044760132 3.291 1.252 21.4509948 1.36719571 4.84625868107 1.00944751181
HToZATo2L2B_442p63_161p81_20p00_bbH4F_TuneCP5_13TeV-amcatnlo_pythia8 0.0 0.0 0.804079976 0.913696962 3.07226490472 3.3739338424 3.291 1.448 18.8097029 1.58450838 4.24953186634 0.979240084049
HToZATo2L2B_442p63_193p26_20p00_bbH4F_TuneCP5_13TeV-amcatnlo_pythia8 0.0 0.0 0.761894548 0.911157064 3.07226490472 3.31453297365 3.291 1.67 15.4760913 1.83240682 3.49639457335 0.948156276519
HToZATo2L2B_442p63_230p49_20p00_bbH4F_TuneCP5_13TeV-amcatnlo_pythia8 0.0 0.0 0.681583912 0.908594179 3.07226490472 3.25872481513 3.291 1.926 11.571891 2.11921211 2.61434855297 0.919437767365
HToZATo2L2B_442p63_274p57_20p00_bbH4F_TuneCP5_13TeV-amcatnlo_pythia8 0.0 0.0 0.509816541 0.905976366 3.07226490472 3.20506670556 3.291 2.22 7.5169331 2.45084157 1.69824302465 0.892610835124
HToZATo2L2B_442p63_327p94_20p00_bbH4F_TuneCP5_13TeV-amcatnlo_pythia8 0.0 0.0 0.134071574 0.903230843 3.07226490472 3.15390923874 3.291 2.568 4.25517416 2.8432744 0.961338851863 0.86701055071
HToZATo2L2B_516p94_30p00_20p00_bbH4F_TuneCP5_13TeV-amcatnlo_pythia8 0.0 0.0 0.906207165 0.929929959 3.03193342586 4.06373252717 3.744 0.3686 44.9907489 0.396343049 8.70328256664 1.32114349667
HToZATo2L2B_516p94_36p47_20p00_bbH4F_TuneCP5_13TeV-amcatnlo_pythia8 0.0 0.0 0.905753552 0.929148746 3.03193342586 3.96261026247 3.744 0.4343 44.773977 0.467369952 8.66134889929 1.28151892514
HToZATo2L2B_516p94_44p34_20p00_bbH4F_TuneCP5_13TeV-amcatnlo_pythia8 0.0 0.0 0.905077469 0.927874048 3.03193342586 3.86836551779 3.744 0.5095 44.4547418 0.54908983 8.5995941115 1.23836226883
HToZATo2L2B_516p94_53p90_20p00_bbH4F_TuneCP5_13TeV-amcatnlo_pythia8 0.0 0.0 0.904067408 0.92625029 3.03193342586 3.78016969521 3.744 0.5964 43.9862009 0.643876494 8.50895672612 1.19457605566
HToZATo2L2B_516p94_65p52_20p00_bbH4F_TuneCP5_13TeV-amcatnlo_pythia8 0.0 0.0 0.902549116 0.924367898 3.03193342586 3.69744487706 3.744 0.6975 43.3002 0.754585583 8.37625256316 1.15168739774
HToZATo2L2B_516p94_78p52_20p00_bbH4F_TuneCP5_13TeV-amcatnlo_pythia8 0.0 0.0 0.900450118 0.922446127 3.03193342586 3.62563931843 3.744 0.8065 42.3863244 0.87427442 8.19946694007 1.11344169638
HToZATo2L2B_516p94_93p12_20p00_bbH4F_TuneCP5_13TeV-amcatnlo_pythia8 0.0 0.0 0.897547678 0.920513693 3.03193342586 3.56121163569 3.744 0.9249 41.1844028 1.0048031 7.96695995667 1.07904112973
HToZATo2L2B_516p94_109p30_20p00_bbH4F_TuneCP5_13TeV-amcatnlo_pythia8 0.0 0.0 0.893585523 0.918612179 3.03193342586 3.50465979014 3.744 1.053 39.6496043 1.14575884 7.67005925252 1.04826975297
HToZATo2L2B_516p94_128p58_20p00_bbH4F_TuneCP5_13TeV-amcatnlo_pythia8 0.0 0.0 0.887694802 0.916615238 3.03193342586 3.448805415 3.744 1.201 37.5681506 1.30973134 7.26741026038 1.01861202364
HToZATo2L2B_516p94_151p69_20p00_bbH4F_TuneCP5_13TeV-amcatnlo_pythia8 0.0 0.0 0.878632463 0.914526261 3.03193342586 3.39361808055 3.744 1.373 34.7609127 1.5017347 6.72436118312 0.990002439185
HToZATo2L2B_516p94_179p35_20p00_bbH4F_TuneCP5_13TeV-amcatnlo_pythia8 0.0 0.0 0.864136657 0.912229519 3.03193342586 3.33855538284 3.744 1.572 31.0498006 1.72332429 6.00646121407 0.96087219961
HToZATo2L2B_516p94_212p14_20p00_bbH4F_TuneCP5_13TeV-amcatnlo_pythia8 0.0 0.0 0.839832647 0.909808847 3.03193342586 3.28400923217 3.744 1.8 26.3359432 1.97871843 5.09458412969 0.932741788442
HToZATo2L2B_516p94_250p63_20p00_bbH4F_TuneCP5_13TeV-amcatnlo_pythia8 0.0 0.0 0.796141491 0.907349037 3.03193342586 3.23251495779 3.744 2.061 20.6895674 2.27169187 4.00231504623 0.906392638551
HToZATo2L2B_516p94_296p65_20p00_bbH4F_TuneCP5_13TeV-amcatnlo_pythia8 0.0 0.0 0.705869368 0.904798768 3.03193342586 3.18248169106 3.744 2.365 14.3391689 2.61426238 2.77385555384 0.881261547278
HToZATo2L2B_516p94_352p61_20p00_bbH4F_TuneCP5_13TeV-amcatnlo_pythia8 0.0 0.0 0.482004922 0.896127322 3.03193342586 3.13362661785 3.744 2.726 8.14214071 3.04196093 1.57506494177 0.862698428859
HToZATo2L2B_516p94_423p96_20p00_bbH4F_TuneCP5_13TeV-amcatnlo_pythia8 0.0 0.0 0.00389239161 0.888222995 3.03193342586 3.08352806246 3.744 3.174 4.23406947 3.57341042 0.819064005494 0.84286499198
HToZATo2L2B_609p21_30p00_20p00_bbH4F_TuneCP5_13TeV-amcatnlo_pythia8 0.0 0.0 0.933834453 0.929929959 2.99113488959 4.06373252717 4.295 0.3686 73.6494177 0.396343049 12.0893317083 1.32114349667
HToZATo2L2B_609p21_34p86_20p00_bbH4F_TuneCP5_13TeV-amcatnlo_pythia8 0.0 0.0 0.933665506 0.929379866 2.99113488959 3.98497876468 4.295 0.4183 73.4615579 0.450088658 12.0584950838 1.29113212278
HToZATo2L2B_609p21_40p51_20p00_bbH4F_TuneCP5_13TeV-amcatnlo_pythia8 0.0 0.0 0.933436365 0.928514015 2.99113488959 3.91078175062 4.295 0.4734 73.2082921 0.509831112 12.01692226 1.25853150333
HToZATo2L2B_609p21_47p08_20p00_bbH4F_TuneCP5_13TeV-amcatnlo_pythia8 0.0 0.0 0.933125049 0.927407644 2.99113488959 3.84036379974 4.295 0.5348 72.8669862 0.57668032 11.960897917 1.22489447749
HToZATo2L2B_609p21_54p71_20p00_bbH4F_TuneCP5_13TeV-amcatnlo_pythia8 0.0 0.0 0.93270184 0.926114672 2.99113488959 3.77355927816 4.295 0.6036 72.4080813 0.65173496 11.8855700497 1.191253811
HToZATo2L2B_609p21_63p58_20p00_bbH4F_TuneCP5_13TeV-amcatnlo_pythia8 0.0 0.0 0.932124475 0.924671823 2.99113488959 3.70987925171 4.295 0.6809 71.7912628 0.736379377 11.7843211372 1.15819342089
HToZATo2L2B_609p21_73p89_20p00_bbH4F_TuneCP5_13TeV-amcatnlo_pythia8 0.0 0.0 0.931334146 0.923107791 2.99113488959 3.64936318676 4.295 0.7681 70.9637759 0.832071707 11.6484916367 1.1260951509
HToZATo2L2B_609p21_85p86_20p00_bbH4F_TuneCP5_13TeV-amcatnlo_pythia8 0.0 0.0 0.930248515 0.921446535 2.99113488959 3.59140394113 4.295 0.8665 69.8577259 0.940344906 11.4669368362 1.09520720475
HToZATo2L2B_609p21_99p78_20p00_bbH4F_TuneCP5_13TeV-amcatnlo_pythia8 0.0 0.0 0.928745194 0.919702988 2.99113488959 3.53616242083 4.295 0.9779 68.3818723 1.0632428 11.2246798805 1.0655870916
HToZATo2L2B_609p21_116p29_20p00_bbH4F_TuneCP5_13TeV-amcatnlo_pythia8 0.0 0.0 0.926598976 0.917857562 2.99113488959 3.48289817267 4.295 1.107 66.3797987 1.20565986 10.8960454851 1.03677002322
HToZATo2L2B_609p21_135p66_20p00_bbH4F_TuneCP5_13TeV-amcatnlo_pythia8 0.0 0.0 0.923522881 0.915943526 2.99113488959 3.43038795331 4.295 1.254 63.7065488 1.36903168 10.4572395069 1.0091638508
HToZATo2L2B_609p21_158p41_20p00_bbH4F_TuneCP5_13TeV-amcatnlo_pythia8 0.0 0.0 0.919024646 0.91397038 2.99113488959 3.38047136661 4.295 1.423 60.1635846 1.55677997 9.87567252671 0.982753595101
HToZATo2L2B_609p21_185p18_20p00_bbH4F_TuneCP5_13TeV-amcatnlo_pythia8 0.0 0.0 0.912255957 0.911771166 2.99113488959 3.32794412306 4.295 1.613 55.5177905 1.76918446 9.11307931584 0.955386359218
HToZATo2L2B_609p21_216p52_20p00_bbH4F_TuneCP5_13TeV-amcatnlo_pythia8 0.0 0.0 0.901738944 0.909511806 2.99113488959 3.27752497299 4.295 1.83 49.5705579 2.01239702 8.1368588664 0.929427775725
HToZATo2L2B_609p21_253p68_20p00_bbH4F_TuneCP5_13TeV-amcatnlo_pythia8 0.0 0.0 0.884246964 0.907168003 2.99113488959 3.22932323527 4.295 2.082 42.0746986 2.29463763 6.90643597446 0.904540219962
HToZATo2L2B_609p21_298p01_20p00_bbH4F_TuneCP5_13TeV-amcatnlo_pythia8 0.0 0.0 0.852357702 0.90472865 2.99113488959 3.18120658004 4.295 2.374 32.9824627 2.62427569 5.41397263669 0.880599875843
HToZATo2L2B_609p21_351p22_20p00_bbH4F_TuneCP5_13TeV-amcatnlo_pythia8 0.0 0.0 0.785469506 0.896459041 2.99113488959 3.13466463362 4.295 2.717 22.6979287 3.03096297 3.72579713071 0.862981313707
HToZATo2L2B_609p21_417p76_20p00_bbH4F_TuneCP5_13TeV-amcatnlo_pythia8 0.0 0.0 0.60344709 0.888674754 2.99113488959 3.0876977016 4.295 3.136 12.2793144 3.52829948 2.01561274437 0.844575708541
HToZATo2L2B_609p21_505p93_20p00_bbH4F_TuneCP5_13TeV-amcatnlo_pythia8 0.0 0.0 0.0445780993 0.883533467 2.99113488959 3.03763507557 4.295 3.676 5.09659435 4.16019445 0.836590724052 0.822286571265
HToZATo2L2B_717p96_30p00_20p00_bbH4F_TuneCP5_13TeV-amcatnlo_pythia8 0.0 0.0 0.953302564 0.929929959 2.95152015834 4.06373252717 4.929 0.3686 120.652567 0.396343049 16.8049148978 1.32114349667
HToZATo2L2B_717p96_34p86_20p00_bbH4F_TuneCP5_13TeV-amcatnlo_pythia8 0.0 0.0 0.953216737 0.929379866 2.95152015834 3.98497876468 4.929 0.4183 120.430749 0.450088658 16.7740193047 1.29113212278
HToZATo2L2B_717p96_40p51_20p00_bbH4F_TuneCP5_13TeV-amcatnlo_pythia8 0.0 0.0 0.953100459 0.928514015 2.95152015834 3.91078175062 4.929 0.4734 120.131527 0.509831112 16.7323426096 1.25853150333
HToZATo2L2B_717p96_47p08_20p00_bbH4F_TuneCP5_13TeV-amcatnlo_pythia8 0.0 0.0 0.952942714 0.927407644 2.95152015834 3.84036379974 4.929 0.5348 119.72797 0.57668032 16.6761337679 1.22489447749
HToZATo2L2B_717p96_54p71_20p00_bbH4F_TuneCP5_13TeV-amcatnlo_pythia8 0.0 0.0 0.952728701 0.926114672 2.95152015834 3.77355927816 4.929 0.6036 119.18478 0.65173496 16.6004763497 1.191253811
HToZATo2L2B_717p96_63p58_20p00_bbH4F_TuneCP5_13TeV-amcatnlo_pythia8 0.0 0.0 0.952437524 0.924671823 2.95152015834 3.70987925171 4.929 0.6809 118.453609 0.736379377 16.498636275 1.15819342089
HToZATo2L2B_717p96_73p89_20p00_bbH4F_TuneCP5_13TeV-amcatnlo_pythia8 0.0 0.0 0.952040411 0.923107791 2.95152015834 3.64936318676 4.929 0.7681 117.470769 0.832071707 16.3617428548 1.1260951509
HToZATo2L2B_717p96_85p86_20p00_bbH4F_TuneCP5_13TeV-amcatnlo_pythia8 0.0 0.0 0.95149764 0.921446535 2.95152015834 3.59140394113 4.929 0.8665 116.153527 0.940344906 16.178272745 1.09520720475
HToZATo2L2B_717p96_99p78_20p00_bbH4F_TuneCP5_13TeV-amcatnlo_pythia8 0.0 0.0 0.950751141 0.919702988 2.95152015834 3.53616242083 4.929 0.9779 114.389404 1.0632428 15.9325594741 1.0655870916
HToZATo2L2B_717p96_116p19_20p00_bbH4F_TuneCP5_13TeV-amcatnlo_pythia8 0.0 0.0 0.949702366 0.917868099 2.95152015834 3.48270923019 4.929 1.106 111.999621 1.20480672 15.5997020725 1.0369280661
HToZATo2L2B_717p96_135p31_20p00_bbH4F_TuneCP5_13TeV-amcatnlo_pythia8 0.0 0.0 0.948231535 0.915976033 2.95152015834 3.43081136653 4.929 1.251 108.811616 1.36611063 15.1556654967 1.00961542384
HToZATo2L2B_717p96_157p56_20p00_bbH4F_TuneCP5_13TeV-amcatnlo_pythia8 0.0 0.0 0.946146126 0.91403954 2.95152015834 3.38248516255 4.929 1.417 104.590661 1.54983529 14.5677560031 0.983647683422
HToZATo2L2B_717p96_183p48_20p00_bbH4F_TuneCP5_13TeV-amcatnlo_pythia8 0.0 0.0 0.943135791 0.911903458 2.95152015834 3.33095932431 4.929 1.601 99.0447504 1.75583339 13.7953020224 0.956961734249
HToZATo2L2B_717p96_213p73_20p00_bbH4F_TuneCP5_13TeV-amcatnlo_pythia8 0.0 0.0 0.938676923 0.909700388 2.95152015834 3.28174716231 4.929 1.811 91.8326263 1.99095521 12.7907719511 0.931528194451
HToZATo2L2B_717p96_249p34_20p00_bbH4F_TuneCP5_13TeV-amcatnlo_pythia8 0.0 0.0 0.93177535 0.907426178 2.95152015834 3.23455019716 4.929 2.053 82.5313389 2.26197578 11.4952558499 0.907185281142
HToZATo2L2B_717p96_291p34_20p00_bbH4F_TuneCP5_13TeV-amcatnlo_pythia8 0.0 0.0 0.920496706 0.905075056 2.95152015834 3.18820350119 4.929 2.331 70.8115609 2.57510967 9.86288385147 0.883884694858
HToZATo2L2B_717p96_341p02_20p00_bbH4F_TuneCP5_13TeV-amcatnlo_pythia8 0.0 0.0 0.900504143 0.902468296 2.95152015834 3.14294527862 4.929 2.652 56.5724833 2.93864427 7.87961492284 0.861721972318
HToZATo2L2B_717p96_400p03_20p00_bbH4F_TuneCP5_13TeV-amcatnlo_pythia8 0.0 0.0 0.860289449 0.890098225 2.95152015834 3.09908649378 4.929 3.025 40.2844057 3.39853734 5.61095405036 0.849570617204
HToZATo2L2B_717p96_475p80_20p00_bbH4F_TuneCP5_13TeV-amcatnlo_pythia8 0.0 0.0 0.749951845 0.88504871 2.95152015834 3.05340956668 4.929 3.493 22.5082906 3.94633081 3.13503406875 0.82940958596
HToZATo2L2B_717p96_577p65_20p00_bbH4F_TuneCP5_13TeV-amcatnlo_pythia8 0.0 0.0 0.291979033 0.88048595 2.95152015834 3.0040446821 4.929 4.105 7.94913822 4.66258943 1.10718399632 0.807165139791
HToZATo2L2B_846p11_30p00_20p00_bbH4F_TuneCP5_13TeV-amcatnlo_pythia8 0.0 0.0 0.966993847 0.929929959 2.9136106509 4.06373252717 5.661 0.3686 197.689442 0.396343049 23.3645083973 1.32114349667
HToZATo2L2B_846p11_34p93_20p00_bbH4F_TuneCP5_13TeV-amcatnlo_pythia8 0.0 0.0 0.966949542 0.929370179 2.9136106509 3.98387370609 5.661 0.419 197.423634 0.450844807 23.3330930966 1.29070943888
HToZATo2L2B_846p11_40p68_20p00_bbH4F_TuneCP5_13TeV-amcatnlo_pythia8 0.0 0.0 0.966889242 0.928486153 2.9136106509 3.90886365644 5.661 0.475 197.063007 0.511592652 23.2904713335 1.25760238938
HToZATo2L2B_846p11_47p37_20p00_bbH4F_TuneCP5_13TeV-amcatnlo_pythia8 0.0 0.0 0.966807308 0.927358155 2.9136106509 3.83769132617 5.661 0.5375 196.5751 0.579578755 23.2328066091 1.22351436563
HToZATo2L2B_846p11_55p16_20p00_bbH4F_TuneCP5_13TeV-amcatnlo_pythia8 0.0 0.0 0.966695779 0.926039568 2.9136106509 3.77004109974 5.661 0.6076 195.914841 0.656090607 23.1547719564 1.18943184735
HToZATo2L2B_846p11_64p24_20p00_bbH4F_TuneCP5_13TeV-amcatnlo_pythia8 0.0 0.0 0.966543593 0.924567931 2.9136106509 3.70587298155 5.661 0.6866 195.02101 0.742584516 23.0491319096 1.1559534807
HToZATo2L2B_846p11_74p80_20p00_bbH4F_TuneCP5_13TeV-amcatnlo_pythia8 0.0 0.0 0.966336008 0.922975785 2.9136106509 3.64449162444 5.661 0.7757 193.814885 0.840401003 22.9065824775 1.12353075267
HToZATo2L2B_846p11_87p10_20p00_bbH4F_TuneCP5_13TeV-amcatnlo_pythia8 0.0 0.0 0.966051716 0.921283396 2.9136106509 3.58591058494 5.661 0.8765 192.187094 0.95141394 22.7141972084 1.0923236969
HToZATo2L2B_846p11_101p43_20p00_bbH4F_TuneCP5_13TeV-amcatnlo_pythia8 0.0 0.0 0.965660895 0.919508391 2.9136106509 3.53024465008 5.661 0.9909 189.993483 1.07762691 22.4549388377 1.06243410234
HToZATo2L2B_846p11_118p11_20p00_bbH4F_TuneCP5_13TeV-amcatnlo_pythia8 0.0 0.0 0.965121539 0.91766704 2.9136106509 3.47741450967 5.661 1.121 187.047194 1.22116842 22.1067230029 1.03392466345
HToZATo2L2B_846p11_137p54_20p00_bbH4F_TuneCP5_13TeV-amcatnlo_pythia8 0.0 0.0 0.964371757 0.915770126 2.9136106509 3.42569340502 5.661 1.268 183.100121 1.38470381 21.6402265663 1.00676443944
HToZATo2L2B_846p11_160p17_20p00_bbH4F_TuneCP5_13TeV-amcatnlo_pythia8 0.0 0.0 0.963320169 0.913828209 2.9136106509 3.37717668776 5.661 1.436 177.837011 1.57114348 21.0181904244 0.980922444902
HToZATo2L2B_846p11_186p51_20p00_bbH4F_TuneCP5_13TeV-amcatnlo_pythia8 0.0 0.0 0.961827945 0.911668431 2.9136106509 3.32528051144 5.661 1.622 170.867803 1.77961756 20.1945140703 0.954167369042
HToZATo2L2B_846p11_217p19_20p00_bbH4F_TuneCP5_13TeV-amcatnlo_pythia8 0.0 0.0 0.959672285 0.909466827 2.9136106509 3.27699368731 5.661 1.835 161.713432 2.01754048 19.1125777972 0.928928808877
HToZATo2L2B_846p11_252p91_20p00_bbH4F_TuneCP5_13TeV-amcatnlo_pythia8 0.0 0.0 0.956483832 0.907213529 2.9136106509 3.22958613896 5.661 2.076 149.840357 2.28884824 17.7093234922 0.905005037365
HToZATo2L2B_846p11_294p51_20p00_bbH4F_TuneCP5_13TeV-amcatnlo_pythia8 0.0 0.0 0.951603119 0.904909627 2.9136106509 3.18456816784 5.661 2.351 134.702896 2.59849423 15.9202581225 0.882311035279
HToZATo2L2B_846p11_345p53_20p00_bbH4F_TuneCP5_13TeV-amcatnlo_pythia8 0.0 0.0 0.943257239 0.900933878 2.9136106509 3.13936275186 5.661 2.681 114.863129 2.97563738 13.5754368817 0.861180615287
HToZATo2L2B_846p11_405p40_20p00_bbH4F_TuneCP5_13TeV-amcatnlo_pythia8 0.0 0.0 0.928362653 0.889643598 2.9136106509 3.09571360854 5.661 3.059 90.9572358 3.43796747 10.7500485516 0.848043283177
HToZATo2L2B_846p11_475p64_20p00_bbH4F_TuneCP5_13TeV-amcatnlo_pythia8 0.0 0.0 0.898221825 0.885057267 2.9136106509 3.05346323744 5.661 3.492 64.0127792 3.94519002 7.56553866519 0.829448746951
HToZATo2L2B_846p11_558p06_20p00_bbH4F_TuneCP5_13TeV-amcatnlo_pythia8 0.0 0.0 0.823514047 0.881257811 2.9136106509 3.01284595546 5.661 3.989 36.9157079 4.52620101 4.36299156138 0.811059923664
HToZATo2L2B_846p11_654p75_20p00_bbH4F_TuneCP5_13TeV-amcatnlo_pythia8 0.0 0.0 0.571020178 0.877753605 2.9136106509 2.97353130557 5.661 4.559 15.1874367 5.1941514 1.79497189491 0.793303001145
HToZATo2L2B_997p14_30p00_20p00_bbH4F_TuneCP5_13TeV-amcatnlo_pythia8 0.0 0.0 0.976617333 0.929929959 2.87672664843 4.06373252717 6.504 0.3686 323.920033 0.396343049 32.484910143 1.32114349667
HToZATo2L2B_997p14_34p93_20p00_bbH4F_TuneCP5_13TeV-amcatnlo_pythia8 0.0 0.0 0.976594775 0.929370179 2.87672664843 3.98387370609 6.504 0.419 323.606492 0.450844807 32.4534661131 1.29070943888
HToZATo2L2B_997p14_40p68_20p00_bbH4F_TuneCP5_13TeV-amcatnlo_pythia8 0.0 0.0 0.97656409 0.928486153 2.87672664843 3.90886365644 6.504 0.475 323.180977 0.511592652 32.4107925667 1.25760238938
HToZATo2L2B_997p14_47p37_20p00_bbH4F_TuneCP5_13TeV-amcatnlo_pythia8 0.0 0.0 0.976522429 0.927358155 2.87672664843 3.83769132617 6.504 0.5375 322.605043 0.579578755 32.3530339772 1.22351436563
HToZATo2L2B_997p14_55p16_20p00_bbH4F_TuneCP5_13TeV-amcatnlo_pythia8 0.0 0.0 0.976465782 0.926039568 2.87672664843 3.77004109974 6.504 0.6076 321.825227 0.656090607 32.2748287101 1.18943184735
HToZATo2L2B_997p14_64p24_20p00_bbH4F_TuneCP5_13TeV-amcatnlo_pythia8 0.0 0.0 0.976388597 0.924567931 2.87672664843 3.70587298155 6.504 0.6866 320.768746 0.742584516 32.1688775899 1.1559534807
HToZATo2L2B_997p14_74p80_20p00_bbH4F_TuneCP5_13TeV-amcatnlo_pythia8 0.0 0.0 0.976283527 0.922975785 2.87672664843 3.64449162444 6.504 0.7757 319.341674 0.840401003 32.0257610767 1.12353075267
HToZATo2L2B_997p14_87p10_20p00_bbH4F_TuneCP5_13TeV-amcatnlo_pythia8 0.0 0.0 0.976140022 0.921283396 2.87672664843 3.58591058494 6.504 0.8765 317.412991 0.95141394 31.8323395912 1.0923236969
HToZATo2L2B_997p14_101p43_20p00_bbH4F_TuneCP5_13TeV-amcatnlo_pythia8 0.0 0.0 0.975943472 0.919508391 2.87672664843 3.53024465008 6.504 0.9909 314.808928 1.07762691 31.5711863931 1.06243410234
HToZATo2L2B_997p14_118p11_20p00_bbH4F_TuneCP5_13TeV-amcatnlo_pythia8 0.0 0.0 0.975673592 0.91766704 2.87672664843 3.47741450967 6.504 1.121 311.302213 1.22116842 31.219509096 1.03392466345
HToZATo2L2B_997p14_137p54_20p00_bbH4F_TuneCP5_13TeV-amcatnlo_pythia8 0.0 0.0 0.975301007 0.915770126 2.87672664843 3.42569340502 6.504 1.268 306.587545 1.38470381 30.7466900335 1.00676443944
HToZATo2L2B_997p14_160p17_20p00_bbH4F_TuneCP5_13TeV-amcatnlo_pythia8 0.0 0.0 0.97478339 0.913828209 2.87672664843 3.37717668776 6.504 1.436 300.269981 1.57114348 30.1131216279 0.980922444902
HToZATo2L2B_997p14_186p51_20p00_bbH4F_TuneCP5_13TeV-amcatnlo_pythia8 0.0 0.0 0.974058439 0.911668431 2.87672664843 3.32528051144 6.504 1.622 291.847662 1.77961756 29.2684740357 0.954167369042
HToZATo2L2B_997p14_217p19_20p00_bbH4F_TuneCP5_13TeV-amcatnlo_pythia8 0.0 0.0 0.973030031 0.909466827 2.87672664843 3.27699368731 6.504 1.835 280.679992 2.01754048 28.1485039212 0.928928808877
HToZATo2L2B_997p14_254p82_20p00_bbH4F_TuneCP5_13TeV-amcatnlo_pythia8 0.0 0.0 0.971458127 0.907100819 2.87672664843 3.22751124076 6.504 2.089 265.171914 2.30320464 26.5932480895 0.903855521545
HToZATo2L2B_997p14_298p97_20p00_bbH4F_TuneCP5_13TeV-amcatnlo_pythia8 0.0 0.0 0.969088193 0.904679309 2.87672664843 3.18079692006 6.504 2.381 244.783247 2.6313404 24.5485335058 0.880135264408
HToZATo2L2B_997p14_350p77_20p00_bbH4F_TuneCP5_13TeV-amcatnlo_pythia8 0.0 0.0 0.965377581 0.896573515 2.87672664843 3.13495281869 6.504 2.714 218.485053 3.02737909 21.9111712498 0.863066707529
HToZATo2L2B_997p14_411p54_20p00_bbH4F_TuneCP5_13TeV-amcatnlo_pythia8 0.0 0.0 0.959236913 0.889149947 2.87672664843 3.09154340356 6.504 3.097 185.509171 3.48291121 18.6041248972 0.846311709676
HToZATo2L2B_997p14_482p85_20p00_bbH4F_TuneCP5_13TeV-amcatnlo_pythia8 0.0 0.0 0.948183266 0.884677472 2.87672664843 3.04962144322 6.504 3.536 145.881009 3.99654136 14.6299425357 0.827698324531
HToZATo2L2B_997p14_566p51_20p00_bbH4F_TuneCP5_13TeV-amcatnlo_pythia8 0.0 0.0 0.92546513 0.880920169 2.87672664843 3.0089601681 6.504 4.039 101.401326 4.58510312 10.1692165594 0.809359608833
HToZATo2L2B_997p14_664p66_20p00_bbH4F_TuneCP5_13TeV-amcatnlo_pythia8 0.0 0.0 0.86735317 0.877430292 2.87672664843 2.9699732186 6.504 4.617 56.977876 5.2619306 5.71413001183 0.791672524298
HToZATo2L2B_997p14_779p83_20p00_bbH4F_TuneCP5_13TeV-amcatnlo_pythia8 0.0 0.0 0.652571425 0.873989184 2.87672664843 2.9324202883 6.504 5.281 21.7539234 6.04198316 2.18163180697 0.774782088404
